$ 1 0.000005 10.20027730826997 50 5 50 5e-11
. 1\sbit\sAdder 0 2 3 5 A 2 0 2 B 1 1 2 Cin 3 2 2 Cout 8 0 3 S 4 1 3 XorGateElm\s1\s2\s3\s4\rAndGateElm\s1\s2\s5\rAndGateElm\s2\s3\s6\rAndGateElm\s1\s3\s7\rOrGateElm\s7\s6\s5\s8 0\\s3\\s0\\s5\s0\\s2\\s0\\s5\s0\\s2\\s0\\s5\s0\\s2\\s0\\s5\s0\\s3\\s0\\s5
410 688 256 736 336 1 1\sbit\sAdder 0\s3\sundefined\s5 0\s2\sundefined\s5 0\s2\sundefined\s5 0\s2\sundefined\s5 0\s3\sundefined\s5
410 688 416 736 496 1 1\sbit\sAdder 0\s3\sundefined\s5 0\s2\sundefined\s5 0\s2\sundefined\s5 0\s2\sundefined\s5 0\s3\sundefined\s5
410 688 592 736 672 1 1\sbit\sAdder 0\s3\sundefined\s5 0\s2\sundefined\s5 0\s2\sundefined\s5 0\s2\sundefined\s5 0\s3\sundefined\s5
410 688 752 736 832 1 1\sbit\sAdder 0\s3\sundefined\s5 0\s2\sundefined\s5 0\s2\sundefined\s5 0\s2\sundefined\s5 0\s3\sundefined\s5
w 784 752 784 688 0
w 784 688 688 688 0
w 688 688 688 656 0
w 784 592 784 512 0
w 784 512 688 512 0
w 688 512 688 480 0
w 784 416 784 352 0
w 784 352 688 352 0
w 688 352 688 320 0
w 688 -128 688 -160 0
w 784 -128 688 -128 0
w 784 -48 784 -128 0
w 688 48 688 16 0
w 784 48 688 48 0
w 784 112 784 48 0
410 688 112 736 192 1 1\sbit\sAdder 0\s3\sundefined\s5 0\s2\sundefined\s5 0\s2\sundefined\s5 0\s2\sundefined\s5 0\s3\sundefined\s5
410 688 -48 736 32 1 1\sbit\sAdder 0\s3\sundefined\s5 0\s2\sundefined\s5 0\s2\sundefined\s5 0\s2\sundefined\s5 0\s3\sundefined\s5
410 688 -224 736 -144 1 1\sbit\sAdder 0\s3\sundefined\s5 0\s2\sundefined\s5 0\s2\sundefined\s5 0\s2\sundefined\s5 0\s3\sundefined\s5
w 784 256 784 208 0
w 784 208 688 208 0
w 688 208 688 176 0
w 592 -288 592 784 0
w 544 -288 544 624 0
w 496 -288 496 448 0
w 448 -288 448 272 0
w 592 784 592 848 0
w 592 784 688 784 0
w 544 624 544 848 0
w 544 624 688 624 0
w 496 448 496 848 0
w 496 448 688 448 0
w 448 272 448 848 0
w 448 272 688 288 0
w 192 -288 192 752 0
w 128 -288 128 592 0
w 48 -288 64 -288 0
w -32 -288 -32 256 0
w -96 -288 -96 112 0
w -160 -288 -160 -48 0
w -224 -288 -224 -224 0
w 688 752 224 752 0
w 192 752 192 848 0
w 192 752 208 752 0
w 224 752 208 752 0
w 688 592 144 592 0
w 128 592 128 848 0
w 128 592 144 592 0
w 688 416 80 416 0
w 64 -288 64 416 0
w 64 416 64 848 0
w 80 416 64 416 0
w 688 256 -16 256 0
w -32 256 -32 848 0
w -32 256 -16 256 0
w 688 112 -64 112 0
w -96 112 -96 848 0
w -96 112 -64 112 0
w 688 -48 -128 -48 0
w -160 -48 -160 848 0
w -160 -48 -128 -48 0
w 688 -224 -176 -224 0
w -224 -224 -224 848 0
w -224 -224 -176 -224 0
L 688 -192 640 -192 2 0 false 5 0
L 688 -16 640 -16 2 0 false 5 0
L 688 144 640 144 2 0 false 5 0
207 448 -288 448 -336 4 M0
207 496 -288 496 -336 4 M1
207 544 -288 544 -336 4 M2
207 592 -288 592 -336 4 M3
207 -224 -288 -224 -336 4 C2
207 -160 -288 -160 -336 4 C3
207 -96 -288 -96 -336 4 C4
207 -32 -288 -32 -336 4 C5
207 48 -288 48 -336 4 C6
207 128 -288 128 -336 4 C7
207 192 -288 192 -336 4 C8
w -288 848 -288 -224 0
207 -336 -288 -336 -336 4 C0
207 -288 -288 -288 -336 4 C1
410 688 -448 736 -368 1 1\sbit\sAdder 0\s3\sundefined\s5 0\s2\sundefined\s5 0\s2\sundefined\s5 0\s2\sundefined\s5 0\s3\sundefined\s5
410 688 -656 736 -576 1 1\sbit\sAdder 0\s3\sundefined\s5 0\s2\sundefined\s5 0\s2\sundefined\s5 0\s2\sundefined\s5 0\s3\sundefined\s5
w 784 -224 784 -352 0
w 784 -352 688 -352 0
w 688 -352 688 -384 0
w 784 -464 784 -560 0
w 784 -560 688 -560 0
w 688 -560 688 -592 0
L 688 -624 640 -624 2 0 false 5 0
L 688 -416 640 -416 2 0 false 5 0
w 784 -464 784 -448 0
w 688 -448 -256 -448 0
w -256 -448 -256 -224 0
w -288 -224 -288 -288 0
w -288 -224 -256 -224 0
w 688 -656 -400 -656 0
w -400 -656 -400 -224 0
w -336 -288 -336 -224 0
w -336 -224 -400 -224 0
w -336 -224 -336 480 0
207 784 -656 880 -656 4 Cout
207 784 -624 880 -624 4 A
207 784 -416 880 -416 4 B
207 784 -192 896 -192 4 C
207 784 -16 896 -16 4 D
207 784 144 896 144 4 E
207 784 288 896 288 4 F
207 784 448 896 448 4 G
207 784 624 896 624 4 H
207 784 784 880 784 4 I
L 688 816 640 816 2 0 false 5 0
