$ 1 0.000005 12.562902691361415 14 5 50 5e-11
180 -96 112 -96 304 0 0.1 10000000000
180 272 112 272 304 0 0.1 10000000000
180 576 112 576 304 0 0.1 10000000000
180 832 112 832 304 0 0.1 10000000000
w -112 208 -176 208 0
w -176 208 -256 208 0
w -176 208 -176 160 0
w -176 160 224 160 0
w 784 160 784 208 0
w 784 208 816 208 0
w 560 208 528 208 0
w 528 160 784 160 0
w 528 160 528 208 0
w 256 208 224 208 0
w 224 160 528 160 0
w 224 160 224 208 0
f -16 384 -16 304 36 1.5 0.02
f 368 384 368 304 36 1.5 0.02
f 656 384 656 304 36 1.5 0.02
f 912 384 912 304 36 1.5 0.02
w -96 304 -32 304 0
w 272 304 352 304 0
w 576 304 640 304 0
w 832 304 896 304 0
w 0 304 32 304 0
w 384 304 416 304 0
w 672 304 704 304 0
w 928 304 960 304 0
c 32 304 32 352 0 1.0000000000000001e-7 0.0009999854705398249 0.001
c 416 304 416 352 0 1.0000000000000001e-7 0.0009999854705398249 0.001
c 704 304 704 352 0 1.0000000000000001e-7 0.0009999854705398249 0.001
c 960 304 960 352 0 1.0000000000000001e-7 0.0009999854705398249 0.001
g 32 352 32 384 0 0
g 416 352 416 384 0 0
g 704 352 704 384 0 0
g 960 352 960 384 0 0
w -16 384 368 384 0
w 368 384 656 384 0
w 656 384 912 384 0
w -16 384 -288 384 0
w -16 496 -288 496 0
w 656 496 912 496 0
w 368 496 656 496 0
w -16 496 368 496 0
g 960 464 960 496 0 0
g 704 464 704 496 0 0
g 416 464 416 496 0 0
g 32 464 32 496 0 0
c 960 416 960 464 0 1.0000000000000001e-7 0.0009999915658464842 0.001
c 704 416 704 464 0 1.0000000000000001e-7 0.0009999915658464842 0.001
c 416 416 416 464 0 1.0000000000000001e-7 0.0009999915658464842 0.001
c 32 416 32 464 0 1.0000000000000001e-7 0.0009999915658464842 0.001
f 912 496 912 416 36 1.5 0.02
f 656 496 656 416 36 1.5 0.02
f 368 496 368 416 36 1.5 0.02
f -16 496 -16 416 36 1.5 0.02
w 0 416 32 416 0
w 384 416 416 416 0
w 672 416 704 416 0
w 928 416 960 416 0
w -96 304 -96 416 0
w -96 416 -32 416 0
w 272 304 272 416 0
w 272 416 352 416 0
w 576 304 576 416 0
w 576 416 640 416 0
w 832 304 832 416 0
w 832 416 896 416 0
w 832 528 896 528 0
w 832 416 832 528 0
w 576 528 640 528 0
w 576 416 576 528 0
w 272 528 352 528 0
w 272 416 272 528 0
w -96 528 -32 528 0
w -96 416 -96 528 0
w 928 528 960 528 0
w 672 528 704 528 0
w 384 528 416 528 0
w 0 528 32 528 0
f -16 608 -16 528 36 1.5 0.02
f 368 608 368 528 36 1.5 0.02
f 656 608 656 528 36 1.5 0.02
f 912 608 912 528 36 1.5 0.02
c 32 528 32 576 0 1.0000000000000001e-7 0.0009999906384056546 0.001
c 416 528 416 576 0 1.0000000000000001e-7 0.0009999906384056546 0.001
c 704 528 704 576 0 1.0000000000000001e-7 0.0009999906384056546 0.001
c 960 528 960 576 0 1.0000000000000001e-7 0.0009999906384056546 0.001
g 32 576 32 608 0 0
g 416 576 416 608 0 0
g 704 576 704 608 0 0
g 960 576 960 608 0 0
w -16 608 368 608 0
w 368 608 656 608 0
w 656 608 912 608 0
w -16 608 -288 608 0
w 832 640 896 640 0
w 832 528 832 640 0
w 576 640 640 640 0
w 576 528 576 640 0
w 272 640 352 640 0
w 272 528 272 640 0
w -96 640 -32 640 0
w -96 528 -96 640 0
w 928 640 960 640 0
w 672 640 704 640 0
w 384 640 416 640 0
w 0 640 32 640 0
f -16 720 -16 640 36 1.5 0.02
f 368 720 368 640 36 1.5 0.02
f 656 720 656 640 36 1.5 0.02
f 912 720 912 640 36 1.5 0.02
c 32 640 32 688 0 1.0000000000000001e-7 0.0009999894084065427 0.001
c 416 640 416 688 0 1.0000000000000001e-7 0.0009999894084065427 0.001
c 704 640 704 688 0 1.0000000000000001e-7 0.0009999894084065427 0.001
c 960 640 960 688 0 1.0000000000000001e-7 0.0009999894084065427 0.001
g 32 688 32 720 0 0
g 416 688 416 720 0 0
g 704 688 704 720 0 0
g 960 688 960 720 0 0
w -16 720 368 720 0
w 368 720 656 720 0
w 656 720 912 720 0
w -16 720 -288 720 0
w 832 752 896 752 0
w 832 640 832 752 0
w 576 752 640 752 0
w 576 640 576 752 0
w 272 752 352 752 0
w 272 640 272 752 0
w -96 752 -32 752 0
w -96 640 -96 752 0
w 928 752 960 752 0
w 672 752 704 752 0
w 384 752 416 752 0
w 0 752 32 752 0
f -16 832 -16 752 36 1.5 0.02
f 368 832 368 752 36 1.5 0.02
f 656 832 656 752 36 1.5 0.02
f 912 832 912 752 36 1.5 0.02
c 32 752 32 800 0 1.0000000000000001e-7 0.0009999882354176618 0.001
c 416 752 416 800 0 1.0000000000000001e-7 0.0009999882354176618 0.001
c 704 752 704 800 0 1.0000000000000001e-7 0.0009999882354176618 0.001
c 960 752 960 800 0 1.0000000000000001e-7 0.0009999882354176618 0.001
g 32 800 32 832 0 0
g 416 800 416 832 0 0
g 704 800 704 832 0 0
g 960 800 960 832 0 0
w -16 832 368 832 0
w 368 832 656 832 0
w 656 832 912 832 0
w -16 832 -288 832 0
w 832 864 896 864 0
w 832 752 832 864 0
w 576 864 640 864 0
w 576 752 576 864 0
w 272 864 352 864 0
w 272 752 272 864 0
w -96 864 -32 864 0
w -96 752 -96 864 0
w 928 864 960 864 0
w 672 864 704 864 0
w 384 864 416 864 0
w 0 864 32 864 0
f -16 944 -16 864 36 1.5 0.02
f 368 944 368 864 36 1.5 0.02
f 656 944 656 864 36 1.5 0.02
f 912 944 912 864 36 1.5 0.02
c 32 864 32 912 0 1.0000000000000001e-7 0.0009999959806868243 0.001
c 416 864 416 912 0 1.0000000000000001e-7 0.0009999959806868243 0.001
c 704 864 704 912 0 1.0000000000000001e-7 0.0009999959806868243 0.001
c 960 864 960 912 0 1.0000000000000001e-7 0.0009999959806868243 0.001
g 32 912 32 944 0 0
g 416 912 416 944 0 0
g 704 912 704 944 0 0
g 960 912 960 944 0 0
w -16 944 368 944 0
w 368 944 656 944 0
w 656 944 912 944 0
w -16 944 -288 944 0
w 832 976 896 976 0
w 832 864 832 976 0
w 576 976 640 976 0
w 576 864 576 976 0
w 272 976 352 976 0
w 272 864 272 976 0
w -96 976 -32 976 0
w -96 864 -96 976 0
w 928 976 960 976 0
w 672 976 704 976 0
w 384 976 416 976 0
w 0 976 32 976 0
f -16 1056 -16 976 36 1.5 0.02
f 368 1056 368 976 36 1.5 0.02
f 656 1056 656 976 36 1.5 0.02
f 912 1056 912 976 36 1.5 0.02
c 32 976 32 1024 0 1.0000000000000001e-7 0.0009999924754700296 0.001
c 416 976 416 1024 0 1.0000000000000001e-7 0.0009999924754700296 0.001
c 704 976 704 1024 0 1.0000000000000001e-7 0.0009999924754700296 0.001
c 960 976 960 1024 0 1.0000000000000001e-7 0.0009999924754700296 0.001
g 32 1024 32 1056 0 0
g 416 1024 416 1056 0 0
g 704 1024 704 1056 0 0
g 960 1024 960 1056 0 0
w -16 1056 368 1056 0
w 368 1056 656 1056 0
w 656 1056 912 1056 0
w -16 1056 -288 1056 0
w 832 1088 896 1088 0
w 832 976 832 1088 0
w 576 1088 640 1088 0
w 576 976 576 1088 0
w 272 1088 352 1088 0
w 272 976 272 1088 0
w -96 1088 -32 1088 0
w -96 976 -96 1088 0
w 928 1088 960 1088 0
w 672 1088 704 1088 0
w 384 1088 416 1088 0
w 0 1088 32 1088 0
f -16 1168 -16 1088 36 1.5 0.02
f 368 1168 368 1088 36 1.5 0.02
f 656 1168 656 1088 36 1.5 0.02
f 912 1168 912 1088 36 1.5 0.02
c 32 1088 32 1136 0 1.0000000000000001e-7 0.0009999950731776482 0.001
c 416 1088 416 1136 0 1.0000000000000001e-7 0.0009999950731776482 0.001
c 704 1088 704 1136 0 1.0000000000000001e-7 0.0009999950731776482 0.001
c 960 1088 960 1136 0 1.0000000000000001e-7 0.0009999950731776482 0.001
g 32 1136 32 1168 0 0
g 416 1136 416 1168 0 0
g 704 1136 704 1168 0 0
g 960 1136 960 1168 0 0
w -16 1168 368 1168 0
w 368 1168 656 1168 0
w 656 1168 912 1168 0
w -16 1168 -288 1168 0
w 832 1200 896 1200 0
w 832 1088 832 1200 0
w 576 1200 640 1200 0
w 576 1088 576 1200 0
w 272 1200 352 1200 0
w 272 1088 272 1200 0
w -96 1200 -32 1200 0
w -96 1088 -96 1200 0
w 928 1200 960 1200 0
w 672 1200 704 1200 0
w 384 1200 416 1200 0
w 0 1200 32 1200 0
f -16 1280 -16 1200 36 1.5 0.02
f 368 1280 368 1200 36 1.5 0.02
f 656 1280 656 1200 36 1.5 0.02
f 912 1280 912 1200 36 1.5 0.02
c 32 1200 32 1248 0 1.0000000000000001e-7 0.0009999722209146926 0.001
c 416 1200 416 1248 0 1.0000000000000001e-7 0.0009999722209146926 0.001
c 704 1200 704 1248 0 1.0000000000000001e-7 0.0009999722209146926 0.001
c 960 1200 960 1248 0 1.0000000000000001e-7 0.0009999722209146926 0.001
g 32 1248 32 1280 0 0
g 416 1248 416 1280 0 0
g 704 1248 704 1280 0 0
g 960 1248 960 1280 0 0
w -16 1280 368 1280 0
w 368 1280 656 1280 0
w 656 1280 912 1280 0
w -16 1280 -288 1280 0
w 832 1312 896 1312 0
w 832 1200 832 1312 0
w 576 1312 640 1312 0
w 576 1200 576 1312 0
w 272 1312 352 1312 0
w 272 1200 272 1312 0
w -96 1312 -32 1312 0
w -96 1200 -96 1312 0
w 928 1312 960 1312 0
w 672 1312 704 1312 0
w 384 1312 416 1312 0
w 0 1312 32 1312 0
f -16 1392 -16 1312 36 1.5 0.02
f 368 1392 368 1312 36 1.5 0.02
f 656 1392 656 1312 36 1.5 0.02
f 912 1392 912 1312 36 1.5 0.02
c 32 1312 32 1360 0 1.0000000000000001e-7 0.000999995517021361 0.001
c 416 1312 416 1360 0 1.0000000000000001e-7 0.000999995517021361 0.001
c 704 1312 704 1360 0 1.0000000000000001e-7 0.000999995517021361 0.001
c 960 1312 960 1360 0 1.0000000000000001e-7 0.000999995517021361 0.001
g 32 1360 32 1392 0 0
g 416 1360 416 1392 0 0
g 704 1360 704 1392 0 0
g 960 1360 960 1392 0 0
w -16 1392 368 1392 0
w 368 1392 656 1392 0
w 656 1392 912 1392 0
w -16 1392 -288 1392 0
w 832 1424 896 1424 0
w 832 1312 832 1424 0
w 576 1424 640 1424 0
w 576 1312 576 1424 0
w 272 1424 352 1424 0
w 272 1312 272 1424 0
w -96 1424 -32 1424 0
w -96 1312 -96 1424 0
w 928 1424 960 1424 0
w 672 1424 704 1424 0
w 384 1424 416 1424 0
w 0 1424 32 1424 0
f -16 1504 -16 1424 36 1.5 0.02
f 368 1504 368 1424 36 1.5 0.02
f 656 1504 656 1424 36 1.5 0.02
f 912 1504 912 1424 36 1.5 0.02
c 32 1424 32 1472 0 1.0000000000000001e-7 0.000999983879627599 0.001
c 416 1424 416 1472 0 1.0000000000000001e-7 0.000999983879627599 0.001
c 704 1424 704 1472 0 1.0000000000000001e-7 0.000999983879627599 0.001
c 960 1424 960 1472 0 1.0000000000000001e-7 0.000999983879627599 0.001
g 32 1472 32 1504 0 0
g 416 1472 416 1504 0 0
g 704 1472 704 1504 0 0
g 960 1472 960 1504 0 0
w -16 1504 368 1504 0
w 368 1504 656 1504 0
w 656 1504 912 1504 0
w -16 1504 -288 1504 0
w 832 1536 896 1536 0
w 832 1424 832 1536 0
w 576 1536 640 1536 0
w 576 1424 576 1536 0
w 272 1536 352 1536 0
w 272 1424 272 1536 0
w -96 1536 -32 1536 0
w -96 1424 -96 1536 0
w 928 1536 960 1536 0
w 672 1536 704 1536 0
w 384 1536 416 1536 0
w 0 1536 32 1536 0
f -16 1616 -16 1536 36 1.5 0.02
f 368 1616 368 1536 36 1.5 0.02
f 656 1616 656 1536 36 1.5 0.02
f 912 1616 912 1536 36 1.5 0.02
c 32 1536 32 1584 0 1.0000000000000001e-7 0.0009999954914326258 0.001
c 416 1536 416 1584 0 1.0000000000000001e-7 0.0009999954914326258 0.001
c 704 1536 704 1584 0 1.0000000000000001e-7 0.0009999954914326258 0.001
c 960 1536 960 1584 0 1.0000000000000001e-7 0.0009999954914326258 0.001
g 32 1584 32 1616 0 0
g 416 1584 416 1616 0 0
g 704 1584 704 1616 0 0
g 960 1584 960 1616 0 0
w -16 1616 368 1616 0
w 368 1616 656 1616 0
w 656 1616 912 1616 0
w -16 1616 -288 1616 0
w 832 1648 896 1648 0
w 832 1536 832 1648 0
w 576 1648 640 1648 0
w 576 1536 576 1648 0
w 272 1648 352 1648 0
w 272 1536 272 1648 0
w -96 1648 -32 1648 0
w -96 1536 -96 1648 0
w 928 1648 960 1648 0
w 672 1648 704 1648 0
w 384 1648 416 1648 0
w 0 1648 32 1648 0
f -16 1728 -16 1648 36 1.5 0.02
f 368 1728 368 1648 36 1.5 0.02
f 656 1728 656 1648 36 1.5 0.02
f 912 1728 912 1648 36 1.5 0.02
c 32 1648 32 1696 0 1.0000000000000001e-7 0.00099999330875584 0.001
c 416 1648 416 1696 0 1.0000000000000001e-7 0.00099999330875584 0.001
c 704 1648 704 1696 0 1.0000000000000001e-7 0.00099999330875584 0.001
c 960 1648 960 1696 0 1.0000000000000001e-7 0.00099999330875584 0.001
g 32 1696 32 1728 0 0
g 416 1696 416 1728 0 0
g 704 1696 704 1728 0 0
g 960 1696 960 1728 0 0
w -16 1728 368 1728 0
w 368 1728 656 1728 0
w 656 1728 912 1728 0
w -16 1728 -288 1728 0
w 832 1760 896 1760 0
w 832 1648 832 1760 0
w 576 1760 640 1760 0
w 576 1648 576 1760 0
w 272 1760 352 1760 0
w 272 1648 272 1760 0
w -96 1760 -32 1760 0
w -96 1648 -96 1760 0
w 928 1760 960 1760 0
w 672 1760 704 1760 0
w 384 1760 416 1760 0
w 0 1760 32 1760 0
f -16 1840 -16 1760 36 1.5 0.02
f 368 1840 368 1760 36 1.5 0.02
f 656 1840 656 1760 36 1.5 0.02
f 912 1840 912 1760 36 1.5 0.02
c 32 1760 32 1808 0 1.0000000000000001e-7 0.0009999963293992429 0.001
c 416 1760 416 1808 0 1.0000000000000001e-7 0.0009999963293992429 0.001
c 704 1760 704 1808 0 1.0000000000000001e-7 0.0009999963293992429 0.001
c 960 1760 960 1808 0 1.0000000000000001e-7 0.0009999963293992429 0.001
g 32 1808 32 1840 0 0
g 416 1808 416 1840 0 0
g 704 1808 704 1840 0 0
g 960 1808 960 1840 0 0
w -16 1840 368 1840 0
w 368 1840 656 1840 0
w 656 1840 912 1840 0
w -16 1840 -288 1840 0
w 832 1872 896 1872 0
w 832 1760 832 1872 0
w 576 1872 640 1872 0
w 576 1760 576 1872 0
w 272 1872 352 1872 0
w 272 1760 272 1872 0
w -96 1872 -32 1872 0
w -96 1760 -96 1872 0
w 928 1872 960 1872 0
w 672 1872 704 1872 0
w 384 1872 416 1872 0
w 0 1872 32 1872 0
f -16 1952 -16 1872 36 1.5 0.02
f 368 1952 368 1872 36 1.5 0.02
f 656 1952 656 1872 36 1.5 0.02
f 912 1952 912 1872 36 1.5 0.02
c 32 1872 32 1920 0 1.0000000000000001e-7 0.0009999922590333708 0.001
c 416 1872 416 1920 0 1.0000000000000001e-7 0.0009999922590333708 0.001
c 704 1872 704 1920 0 1.0000000000000001e-7 0.0009999922590333708 0.001
c 960 1872 960 1920 0 1.0000000000000001e-7 0.0009999922590333708 0.001
g 32 1920 32 1952 0 0
g 416 1920 416 1952 0 0
g 704 1920 704 1952 0 0
g 960 1920 960 1952 0 0
w -16 1952 368 1952 0
w 368 1952 656 1952 0
w 656 1952 912 1952 0
w -16 1952 -288 1952 0
w 832 1984 896 1984 0
w 832 1872 832 1984 0
w 576 1984 640 1984 0
w 576 1872 576 1984 0
w 272 1984 352 1984 0
w 272 1872 272 1984 0
w -96 1984 -32 1984 0
w -96 1872 -96 1984 0
w 928 1984 960 1984 0
w 672 1984 704 1984 0
w 384 1984 416 1984 0
w 0 1984 32 1984 0
f -16 2064 -16 1984 36 1.5 0.02
f 368 2064 368 1984 36 1.5 0.02
f 656 2064 656 1984 36 1.5 0.02
f 912 2064 912 1984 36 1.5 0.02
c 32 1984 32 2032 0 1.0000000000000001e-7 0.0009999607226672431 0.001
c 416 1984 416 2032 0 1.0000000000000001e-7 0.0009999607226672431 0.001
c 704 1984 704 2032 0 1.0000000000000001e-7 0.0009999607226672431 0.001
c 960 1984 960 2032 0 1.0000000000000001e-7 0.0009999607226672431 0.001
g 32 2032 32 2064 0 0
g 416 2032 416 2064 0 0
g 704 2032 704 2064 0 0
g 960 2032 960 2064 0 0
w -16 2064 368 2064 0
w 368 2064 656 2064 0
w 656 2064 912 2064 0
w -16 2064 -288 2064 0
185 -992 784 -960 784 0 4
w -800 784 -800 384 0
w -800 384 -288 384 0
w -288 496 -768 496 0
w -768 496 -768 816 0
w -768 816 -800 816 0
w -288 608 -736 608 0
w -736 608 -736 848 0
w -736 848 -800 848 0
w -288 720 -704 720 0
w -704 720 -704 880 0
w -704 880 -800 880 0
w -288 832 -672 832 0
w -672 832 -672 912 0
w -672 912 -800 912 0
w -288 944 -800 944 0
w -288 1056 -288 976 0
w -288 976 -800 976 0
w -288 1168 -320 1168 0
w -320 1168 -320 1008 0
w -320 1008 -800 1008 0
w -288 1280 -352 1280 0
w -352 1280 -352 1040 0
w -352 1040 -800 1040 0
w -288 1392 -384 1392 0
w -384 1392 -384 1072 0
w -384 1072 -800 1072 0
w -288 1504 -416 1504 0
w -416 1504 -416 1104 0
w -416 1104 -800 1104 0
w -288 1616 -448 1616 0
w -448 1616 -448 1136 0
w -448 1136 -800 1136 0
w -288 1728 -464 1728 0
w -464 1728 -464 1168 0
w -464 1168 -800 1168 0
w -288 1840 -496 1840 0
w -496 1840 -496 1200 0
w -496 1200 -800 1200 0
w -288 1952 -528 1952 0
w -528 1952 -528 1232 0
w -528 1232 -800 1232 0
w -288 2064 -560 2064 0
w -560 2064 -560 1264 0
w -560 1264 -800 1264 0
L -992 784 -1120 784 0 1 false 5 0
207 -96 112 -96 32 4 A1
207 -256 208 -352 208 4 WRITE
207 272 112 272 16 4 B1
207 576 112 576 16 4 C1
207 832 112 832 16 4 D1
w -96 1984 -96 2192 0
w 272 1984 272 2192 0
w 576 1984 576 2176 0
w 832 1984 832 2176 0
207 -96 2192 -96 2240 4 A
207 272 2192 272 2256 4 B
207 576 2176 576 2272 4 C
207 832 2176 832 2272 4 D
207 -960 1328 -960 1408 4 S0
207 -928 1328 -928 1408 4 S1
207 -896 1328 -896 1408 4 S2
207 -864 1328 -864 1408 4 S3
. RAM 0 5 5 13 A 2 0 3 A1 1 0 2 B 6 1 3 B1 5 1 2 C 9 2 3 C1 8 2 2 D 12 3 3 D1 11 3 2 S0 158 0 1 S1 159 1 1 S2 160 3 1 S3 161 4 1 WRITE 3 2 0 TriStateElm\s1\s2\s3\rTriStateElm\s5\s6\s3\rTriStateElm\s8\s9\s3\rTriStateElm\s11\s12\s3\rMosfetElm\s14\s2\s15\rMosfetElm\s14\s6\s16\rMosfetElm\s14\s9\s17\rMosfetElm\s14\s12\s18\rCapacitorElm\s15\s19\rCapacitorElm\s16\s20\rCapacitorElm\s17\s21\rCapacitorElm\s18\s22\rGroundElm\s19\rGroundElm\s20\rGroundElm\s21\rGroundElm\s22\rGroundElm\s24\rGroundElm\s25\rGroundElm\s26\rGroundElm\s27\rCapacitorElm\s28\s24\rCapacitorElm\s29\s25\rCapacitorElm\s30\s26\rCapacitorElm\s31\s27\rMosfetElm\s23\s12\s28\rMosfetElm\s23\s9\s29\rMosfetElm\s23\s6\s30\rMosfetElm\s23\s2\s31\rMosfetElm\s36\s2\s35\rMosfetElm\s36\s6\s34\rMosfetElm\s36\s9\s33\rMosfetElm\s36\s12\s32\rCapacitorElm\s35\s37\rCapacitorElm\s34\s38\rCapacitorElm\s33\s39\rCapacitorElm\s32\s40\rGroundElm\s37\rGroundElm\s38\rGroundElm\s39\rGroundElm\s40\rMosfetElm\s45\s2\s44\rMosfetElm\s45\s6\s43\rMosfetElm\s45\s9\s42\rMosfetElm\s45\s12\s41\rCapacitorElm\s44\s46\rCapacitorElm\s43\s47\rCapacitorElm\s42\s48\rCapacitorElm\s41\s49\rGroundElm\s46\rGroundElm\s47\rGroundElm\s48\rGroundElm\s49\rMosfetElm\s54\s2\s53\rMosfetElm\s54\s6\s52\rMosfetElm\s54\s9\s51\rMosfetElm\s54\s12\s50\rCapacitorElm\s53\s55\rCapacitorElm\s52\s56\rCapacitorElm\s51\s57\rCapacitorElm\s50\s58\rGroundElm\s55\rGroundElm\s56\rGroundElm\s57\rGroundElm\s58\rMosfetElm\s63\s2\s62\rMosfetElm\s63\s6\s61\rMosfetElm\s63\s9\s60\rMosfetElm\s63\s12\s59\rCapacitorElm\s62\s64\rCapacitorElm\s61\s65\rCapacitorElm\s60\s66\rCapacitorElm\s59\s67\rGroundElm\s64\rGroundElm\s65\rGroundElm\s66\rGroundElm\s67\rMosfetElm\s72\s2\s71\rMosfetElm\s72\s6\s70\rMosfetElm\s72\s9\s69\rMosfetElm\s72\s12\s68\rCapacitorElm\s71\s73\rCapacitorElm\s70\s74\rCapacitorElm\s69\s75\rCapacitorElm\s68\s76\rGroundElm\s73\rGroundElm\s74\rGroundElm\s75\rGroundElm\s76\rMosfetElm\s81\s2\s80\rMosfetElm\s81\s6\s79\rMosfetElm\s81\s9\s78\rMosfetElm\s81\s12\s77\rCapacitorElm\s80\s82\rCapacitorElm\s79\s83\rCapacitorElm\s78\s84\rCapacitorElm\s77\s85\rGroundElm\s82\rGroundElm\s83\rGroundElm\s84\rGroundElm\s85\rMosfetElm\s90\s2\s89\rMosfetElm\s90\s6\s88\rMosfetElm\s90\s9\s87\rMosfetElm\s90\s12\s86\rCapacitorElm\s89\s91\rCapacitorElm\s88\s92\rCapacitorElm\s87\s93\rCapacitorElm\s86\s94\rGroundElm\s91\rGroundElm\s92\rGroundElm\s93\rGroundElm\s94\rMosfetElm\s99\s2\s98\rMosfetElm\s99\s6\s97\rMosfetElm\s99\s9\s96\rMosfetElm\s99\s12\s95\rCapacitorElm\s98\s100\rCapacitorElm\s97\s101\rCapacitorElm\s96\s102\rCapacitorElm\s95\s103\rGroundElm\s100\rGroundElm\s101\rGroundElm\s102\rGroundElm\s103\rMosfetElm\s108\s2\s107\rMosfetElm\s108\s6\s106\rMosfetElm\s108\s9\s105\rMosfetElm\s108\s12\s104\rCapacitorElm\s107\s109\rCapacitorElm\s106\s110\rCapacitorElm\s105\s111\rCapacitorElm\s104\s112\rGroundElm\s109\rGroundElm\s110\rGroundElm\s111\rGroundElm\s112\rMosfetElm\s117\s2\s116\rMosfetElm\s117\s6\s115\rMosfetElm\s117\s9\s114\rMosfetElm\s117\s12\s113\rCapacitorElm\s116\s118\rCapacitorElm\s115\s119\rCapacitorElm\s114\s120\rCapacitorElm\s113\s121\rGroundElm\s118\rGroundElm\s119\rGroundElm\s120\rGroundElm\s121\rMosfetElm\s126\s2\s125\rMosfetElm\s126\s6\s124\rMosfetElm\s126\s9\s123\rMosfetElm\s126\s12\s122\rCapacitorElm\s125\s127\rCapacitorElm\s124\s128\rCapacitorElm\s123\s129\rCapacitorElm\s122\s130\rGroundElm\s127\rGroundElm\s128\rGroundElm\s129\rGroundElm\s130\rMosfetElm\s135\s2\s134\rMosfetElm\s135\s6\s133\rMosfetElm\s135\s9\s132\rMosfetElm\s135\s12\s131\rCapacitorElm\s134\s136\rCapacitorElm\s133\s137\rCapacitorElm\s132\s138\rCapacitorElm\s131\s139\rGroundElm\s136\rGroundElm\s137\rGroundElm\s138\rGroundElm\s139\rMosfetElm\s144\s2\s143\rMosfetElm\s144\s6\s142\rMosfetElm\s144\s9\s141\rMosfetElm\s144\s12\s140\rCapacitorElm\s143\s145\rCapacitorElm\s142\s146\rCapacitorElm\s141\s147\rCapacitorElm\s140\s148\rGroundElm\s145\rGroundElm\s146\rGroundElm\s147\rGroundElm\s148\rMosfetElm\s153\s2\s152\rMosfetElm\s153\s6\s151\rMosfetElm\s153\s9\s150\rMosfetElm\s153\s12\s149\rCapacitorElm\s152\s154\rCapacitorElm\s151\s155\rCapacitorElm\s150\s156\rCapacitorElm\s149\s157\rGroundElm\s154\rGroundElm\s155\rGroundElm\s156\rGroundElm\s157\rDeMultiplexerElm\s14\s23\s36\s45\s54\s63\s72\s81\s90\s99\s108\s117\s126\s135\s144\s153\s158\s159\s160\s161\s162\rLogicInputElm\s162 0\\s0.1\\s10000000000\s0\\s0.1\\s10000000000\s0\\s0.1\\s10000000000\s0\\s0.1\\s10000000000\s36\\s1.5\\s0.02\s36\\s1.5\\s0.02\s36\\s1.5\\s0.02\s36\\s1.5\\s0.02\s0\\s1.0000000000000001e-7\\s0.0009999854705398249\\s0.001\s0\\s1.0000000000000001e-7\\s0.0009999854705398249\\s0.001\s0\\s1.0000000000000001e-7\\s0.0009999854705398249\\s0.001\s0\\s1.0000000000000001e-7\\s0.0009999854705398249\\s0.001\s0\\s0\s0\\s0\s0\\s0\s0\\s0\s0\\s0\s0\\s0\s0\\s0\s0\\s0\s0\\s1.0000000000000001e-7\\s0.0009999915658464842\\s0.001\s0\\s1.0000000000000001e-7\\s0.0009999915658464842\\s0.001\s0\\s1.0000000000000001e-7\\s0.0009999915658464842\\s0.001\s0\\s1.0000000000000001e-7\\s0.0009999915658464842\\s0.001\s36\\s1.5\\s0.02\s36\\s1.5\\s0.02\s36\\s1.5\\s0.02\s36\\s1.5\\s0.02\s36\\s1.5\\s0.02\s36\\s1.5\\s0.02\s36\\s1.5\\s0.02\s36\\s1.5\\s0.02\s0\\s1.0000000000000001e-7\\s0.0009999906384056546\\s0.001\s0\\s1.0000000000000001e-7\\s0.0009999906384056546\\s0.001\s0\\s1.0000000000000001e-7\\s0.0009999906384056546\\s0.001\s0\\s1.0000000000000001e-7\\s0.0009999906384056546\\s0.001\s0\\s0\s0\\s0\s0\\s0\s0\\s0\s36\\s1.5\\s0.02\s36\\s1.5\\s0.02\s36\\s1.5\\s0.02\s36\\s1.5\\s0.02\s0\\s1.0000000000000001e-7\\s0.0009999894084065427\\s0.001\s0\\s1.0000000000000001e-7\\s0.0009999894084065427\\s0.001\s0\\s1.0000000000000001e-7\\s0.0009999894084065427\\s0.001\s0\\s1.0000000000000001e-7\\s0.0009999894084065427\\s0.001\s0\\s0\s0\\s0\s0\\s0\s0\\s0\s36\\s1.5\\s0.02\s36\\s1.5\\s0.02\s36\\s1.5\\s0.02\s36\\s1.5\\s0.02\s0\\s1.0000000000000001e-7\\s0.0009999882354176618\\s0.001\s0\\s1.0000000000000001e-7\\s0.0009999882354176618\\s0.001\s0\\s1.0000000000000001e-7\\s0.0009999882354176618\\s0.001\s0\\s1.0000000000000001e-7\\s0.0009999882354176618\\s0.001\s0\\s0\s0\\s0\s0\\s0\s0\\s0\s36\\s1.5\\s0.02\s36\\s1.5\\s0.02\s36\\s1.5\\s0.02\s36\\s1.5\\s0.02\s0\\s1.0000000000000001e-7\\s0.0009999959806868243\\s0.001\s0\\s1.0000000000000001e-7\\s0.0009999959806868243\\s0.001\s0\\s1.0000000000000001e-7\\s0.0009999959806868243\\s0.001\s0\\s1.0000000000000001e-7\\s0.0009999959806868243\\s0.001\s0\\s0\s0\\s0\s0\\s0\s0\\s0\s36\\s1.5\\s0.02\s36\\s1.5\\s0.02\s36\\s1.5\\s0.02\s36\\s1.5\\s0.02\s0\\s1.0000000000000001e-7\\s0.0009999924754700296\\s0.001\s0\\s1.0000000000000001e-7\\s0.0009999924754700296\\s0.001\s0\\s1.0000000000000001e-7\\s0.0009999924754700296\\s0.001\s0\\s1.0000000000000001e-7\\s0.0009999924754700296\\s0.001\s0\\s0\s0\\s0\s0\\s0\s0\\s0\s36\\s1.5\\s0.02\s36\\s1.5\\s0.02\s36\\s1.5\\s0.02\s36\\s1.5\\s0.02\s0\\s1.0000000000000001e-7\\s0.0009999950731776482\\s0.001\s0\\s1.0000000000000001e-7\\s0.0009999950731776482\\s0.001\s0\\s1.0000000000000001e-7\\s0.0009999950731776482\\s0.001\s0\\s1.0000000000000001e-7\\s0.0009999950731776482\\s0.001\s0\\s0\s0\\s0\s0\\s0\s0\\s0\s36\\s1.5\\s0.02\s36\\s1.5\\s0.02\s36\\s1.5\\s0.02\s36\\s1.5\\s0.02\s0\\s1.0000000000000001e-7\\s0.0009999722209146926\\s0.001\s0\\s1.0000000000000001e-7\\s0.0009999722209146926\\s0.001\s0\\s1.0000000000000001e-7\\s0.0009999722209146926\\s0.001\s0\\s1.0000000000000001e-7\\s0.0009999722209146926\\s0.001\s0\\s0\s0\\s0\s0\\s0\s0\\s0\s36\\s1.5\\s0.02\s36\\s1.5\\s0.02\s36\\s1.5\\s0.02\s36\\s1.5\\s0.02\s0\\s1.0000000000000001e-7\\s0.000999995517021361\\s0.001\s0\\s1.0000000000000001e-7\\s0.000999995517021361\\s0.001\s0\\s1.0000000000000001e-7\\s0.000999995517021361\\s0.001\s0\\s1.0000000000000001e-7\\s0.000999995517021361\\s0.001\s0\\s0\s0\\s0\s0\\s0\s0\\s0\s36\\s1.5\\s0.02\s36\\s1.5\\s0.02\s36\\s1.5\\s0.02\s36\\s1.5\\s0.02\s0\\s1.0000000000000001e-7\\s0.000999983879627599\\s0.001\s0\\s1.0000000000000001e-7\\s0.000999983879627599\\s0.001\s0\\s1.0000000000000001e-7\\s0.000999983879627599\\s0.001\s0\\s1.0000000000000001e-7\\s0.000999983879627599\\s0.001\s0\\s0\s0\\s0\s0\\s0\s0\\s0\s36\\s1.5\\s0.02\s36\\s1.5\\s0.02\s36\\s1.5\\s0.02\s36\\s1.5\\s0.02\s0\\s1.0000000000000001e-7\\s0.0009999954914326258\\s0.001\s0\\s1.0000000000000001e-7\\s0.0009999954914326258\\s0.001\s0\\s1.0000000000000001e-7\\s0.0009999954914326258\\s0.001\s0\\s1.0000000000000001e-7\\s0.0009999954914326258\\s0.001\s0\\s0\s0\\s0\s0\\s0\s0\\s0\s36\\s1.5\\s0.02\s36\\s1.5\\s0.02\s36\\s1.5\\s0.02\s36\\s1.5\\s0.02\s0\\s1.0000000000000001e-7\\s0.00099999330875584\\s0.001\s0\\s1.0000000000000001e-7\\s0.00099999330875584\\s0.001\s0\\s1.0000000000000001e-7\\s0.00099999330875584\\s0.001\s0\\s1.0000000000000001e-7\\s0.00099999330875584\\s0.001\s0\\s0\s0\\s0\s0\\s0\s0\\s0\s36\\s1.5\\s0.02\s36\\s1.5\\s0.02\s36\\s1.5\\s0.02\s36\\s1.5\\s0.02\s0\\s1.0000000000000001e-7\\s0.0009999963293992429\\s0.001\s0\\s1.0000000000000001e-7\\s0.0009999963293992429\\s0.001\s0\\s1.0000000000000001e-7\\s0.0009999963293992429\\s0.001\s0\\s1.0000000000000001e-7\\s0.0009999963293992429\\s0.001\s0\\s0\s0\\s0\s0\\s0\s0\\s0\s36\\s1.5\\s0.02\s36\\s1.5\\s0.02\s36\\s1.5\\s0.02\s36\\s1.5\\s0.02\s0\\s1.0000000000000001e-7\\s0.0009999922590333708\\s0.001\s0\\s1.0000000000000001e-7\\s0.0009999922590333708\\s0.001\s0\\s1.0000000000000001e-7\\s0.0009999922590333708\\s0.001\s0\\s1.0000000000000001e-7\\s0.0009999922590333708\\s0.001\s0\\s0\s0\\s0\s0\\s0\s0\\s0\s36\\s1.5\\s0.02\s36\\s1.5\\s0.02\s36\\s1.5\\s0.02\s36\\s1.5\\s0.02\s0\\s1.0000000000000001e-7\\s0.0009999607226672431\\s0.001\s0\\s1.0000000000000001e-7\\s0.0009999607226672431\\s0.001\s0\\s1.0000000000000001e-7\\s0.0009999607226672431\\s0.001\s0\\s1.0000000000000001e-7\\s0.0009999607226672431\\s0.001\s0\\s0\s0\\s0\s0\\s0\s0\\s0\s0\\s4\s0\\s1\\sfalse\\s5\\s0
410 -2432 1008 -2032 1664 1 RAM 0\s0.1\s10000000000 0\s0.1\s10000000000 0\s0.1\s10000000000 0\s0.1\s10000000000 36\s1.5\s0.02 36\s1.5\s0.02 36\s1.5\s0.02 36\s1.5\s0.02 0\s1.0000000000000001e-7\s0.0009999854705398249\s0.001 0\s1.0000000000000001e-7\s0.0009999854705398249\s0.001 0\s1.0000000000000001e-7\s0.0009999854705398249\s0.001 0\s1.0000000000000001e-7\s0.0009999854705398249\s0.001 0\s0 0\s0 0\s0 0\s0 0\s0 0\s0 0\s0 0\s0 0\s1.0000000000000001e-7\s0.0009999915658464842\s0.001 0\s1.0000000000000001e-7\s0.0009999915658464842\s0.001 0\s1.0000000000000001e-7\s0.0009999915658464842\s0.001 0\s1.0000000000000001e-7\s0.0009999915658464842\s0.001 36\s1.5\s0.02 36\s1.5\s0.02 36\s1.5\s0.02 36\s1.5\s0.02 36\s1.5\s0.02 36\s1.5\s0.02 36\s1.5\s0.02 36\s1.5\s0.02 0\s1.0000000000000001e-7\s0.0009999906384056546\s0.001 0\s1.0000000000000001e-7\s0.0009999906384056546\s0.001 0\s1.0000000000000001e-7\s0.0009999906384056546\s0.001 0\s1.0000000000000001e-7\s0.0009999906384056546\s0.001 0\s0 0\s0 0\s0 0\s0 36\s1.5\s0.02 36\s1.5\s0.02 36\s1.5\s0.02 36\s1.5\s0.02 0\s1.0000000000000001e-7\s0.0009999894084065427\s0.001 0\s1.0000000000000001e-7\s0.0009999894084065427\s0.001 0\s1.0000000000000001e-7\s0.0009999894084065427\s0.001 0\s1.0000000000000001e-7\s0.0009999894084065427\s0.001 0\s0 0\s0 0\s0 0\s0 36\s1.5\s0.02 36\s1.5\s0.02 36\s1.5\s0.02 36\s1.5\s0.02 0\s1.0000000000000001e-7\s0.0009999882354176618\s0.001 0\s1.0000000000000001e-7\s0.0009999882354176618\s0.001 0\s1.0000000000000001e-7\s0.0009999882354176618\s0.001 0\s1.0000000000000001e-7\s0.0009999882354176618\s0.001 0\s0 0\s0 0\s0 0\s0 36\s1.5\s0.02 36\s1.5\s0.02 36\s1.5\s0.02 36\s1.5\s0.02 0\s1.0000000000000001e-7\s0.0009999959806868243\s0.001 0\s1.0000000000000001e-7\s0.0009999959806868243\s0.001 0\s1.0000000000000001e-7\s0.0009999959806868243\s0.001 0\s1.0000000000000001e-7\s0.0009999959806868243\s0.001 0\s0 0\s0 0\s0 0\s0 36\s1.5\s0.02 36\s1.5\s0.02 36\s1.5\s0.02 36\s1.5\s0.02 0\s1.0000000000000001e-7\s0.0009999924754700296\s0.001 0\s1.0000000000000001e-7\s0.0009999924754700296\s0.001 0\s1.0000000000000001e-7\s0.0009999924754700296\s0.001 0\s1.0000000000000001e-7\s0.0009999924754700296\s0.001 0\s0 0\s0 0\s0 0\s0 36\s1.5\s0.02 36\s1.5\s0.02 36\s1.5\s0.02 36\s1.5\s0.02 0\s1.0000000000000001e-7\s0.0009999950731776482\s0.001 0\s1.0000000000000001e-7\s0.0009999950731776482\s0.001 0\s1.0000000000000001e-7\s0.0009999950731776482\s0.001 0\s1.0000000000000001e-7\s0.0009999950731776482\s0.001 0\s0 0\s0 0\s0 0\s0 36\s1.5\s0.02 36\s1.5\s0.02 36\s1.5\s0.02 36\s1.5\s0.02 0\s1.0000000000000001e-7\s0.0009999722209146926\s0.001 0\s1.0000000000000001e-7\s0.0009999722209146926\s0.001 0\s1.0000000000000001e-7\s0.0009999722209146926\s0.001 0\s1.0000000000000001e-7\s0.0009999722209146926\s0.001 0\s0 0\s0 0\s0 0\s0 36\s1.5\s0.02 36\s1.5\s0.02 36\s1.5\s0.02 36\s1.5\s0.02 0\s1.0000000000000001e-7\s0.000999995517021361\s0.001 0\s1.0000000000000001e-7\s0.000999995517021361\s0.001 0\s1.0000000000000001e-7\s0.000999995517021361\s0.001 0\s1.0000000000000001e-7\s0.000999995517021361\s0.001 0\s0 0\s0 0\s0 0\s0 36\s1.5\s0.02 36\s1.5\s0.02 36\s1.5\s0.02 36\s1.5\s0.02 0\s1.0000000000000001e-7\s0.000999983879627599\s0.001 0\s1.0000000000000001e-7\s0.000999983879627599\s0.001 0\s1.0000000000000001e-7\s0.000999983879627599\s0.001 0\s1.0000000000000001e-7\s0.000999983879627599\s0.001 0\s0 0\s0 0\s0 0\s0 36\s1.5\s0.02 36\s1.5\s0.02 36\s1.5\s0.02 36\s1.5\s0.02 0\s1.0000000000000001e-7\s0.0009999954914326258\s0.001 0\s1.0000000000000001e-7\s0.0009999954914326258\s0.001 0\s1.0000000000000001e-7\s0.0009999954914326258\s0.001 0\s1.0000000000000001e-7\s0.0009999954914326258\s0.001 0\s0 0\s0 0\s0 0\s0 36\s1.5\s0.02 36\s1.5\s0.02 36\s1.5\s0.02 36\s1.5\s0.02 0\s1.0000000000000001e-7\s0.00099999330875584\s0.001 0\s1.0000000000000001e-7\s0.00099999330875584\s0.001 0\s1.0000000000000001e-7\s0.00099999330875584\s0.001 0\s1.0000000000000001e-7\s0.00099999330875584\s0.001 0\s0 0\s0 0\s0 0\s0 36\s1.5\s0.02 36\s1.5\s0.02 36\s1.5\s0.02 36\s1.5\s0.02 0\s1.0000000000000001e-7\s0.0009999963293992429\s0.001 0\s1.0000000000000001e-7\s0.0009999963293992429\s0.001 0\s1.0000000000000001e-7\s0.0009999963293992429\s0.001 0\s1.0000000000000001e-7\s0.0009999963293992429\s0.001 0\s0 0\s0 0\s0 0\s0 36\s1.5\s0.02 36\s1.5\s0.02 36\s1.5\s0.02 36\s1.5\s0.02 0\s1.0000000000000001e-7\s0.0009999922590333708\s0.001 0\s1.0000000000000001e-7\s0.0009999922590333708\s0.001 0\s1.0000000000000001e-7\s0.0009999922590333708\s0.001 0\s1.0000000000000001e-7\s0.0009999922590333708\s0.001 0\s0 0\s0 0\s0 0\s0 36\s1.5\s0.02 36\s1.5\s0.02 36\s1.5\s0.02 36\s1.5\s0.02 0\s1.0000000000000001e-7\s0.0009999607226672431\s0.001 0\s1.0000000000000001e-7\s0.0009999607226672431\s0.001 0\s1.0000000000000001e-7\s0.0009999607226672431\s0.001 0\s1.0000000000000001e-7\s0.0009999607226672431\s0.001 0\s0 0\s0 0\s0 0\s0 0\s4 0\s1\sfalse\s5\s0
410 -2624 880 -2176 1184 1 RAM 0\s0.1\s10000000000 0\s0.1\s10000000000 0\s0.1\s10000000000 0\s0.1\s10000000000 36\s1.5\s0.02 36\s1.5\s0.02 36\s1.5\s0.02 36\s1.5\s0.02 0\s1.0000000000000001e-7\s0.0009999854705398249\s0.001 0\s1.0000000000000001e-7\s0.0009999854705398249\s0.001 0\s1.0000000000000001e-7\s0.0009999854705398249\s0.001 0\s1.0000000000000001e-7\s0.0009999854705398249\s0.001 0\s0 0\s0 0\s0 0\s0 0\s0 0\s0 0\s0 0\s0 0\s1.0000000000000001e-7\s0.0009999915658464842\s0.001 0\s1.0000000000000001e-7\s0.0009999915658464842\s0.001 0\s1.0000000000000001e-7\s0.0009999915658464842\s0.001 0\s1.0000000000000001e-7\s0.0009999915658464842\s0.001 36\s1.5\s0.02 36\s1.5\s0.02 36\s1.5\s0.02 36\s1.5\s0.02 36\s1.5\s0.02 36\s1.5\s0.02 36\s1.5\s0.02 36\s1.5\s0.02 0\s1.0000000000000001e-7\s0.0009999906384056546\s0.001 0\s1.0000000000000001e-7\s0.0009999906384056546\s0.001 0\s1.0000000000000001e-7\s0.0009999906384056546\s0.001 0\s1.0000000000000001e-7\s0.0009999906384056546\s0.001 0\s0 0\s0 0\s0 0\s0 36\s1.5\s0.02 36\s1.5\s0.02 36\s1.5\s0.02 36\s1.5\s0.02 0\s1.0000000000000001e-7\s0.0009999894084065427\s0.001 0\s1.0000000000000001e-7\s0.0009999894084065427\s0.001 0\s1.0000000000000001e-7\s0.0009999894084065427\s0.001 0\s1.0000000000000001e-7\s0.0009999894084065427\s0.001 0\s0 0\s0 0\s0 0\s0 36\s1.5\s0.02 36\s1.5\s0.02 36\s1.5\s0.02 36\s1.5\s0.02 0\s1.0000000000000001e-7\s0.0009999882354176618\s0.001 0\s1.0000000000000001e-7\s0.0009999882354176618\s0.001 0\s1.0000000000000001e-7\s0.0009999882354176618\s0.001 0\s1.0000000000000001e-7\s0.0009999882354176618\s0.001 0\s0 0\s0 0\s0 0\s0 36\s1.5\s0.02 36\s1.5\s0.02 36\s1.5\s0.02 36\s1.5\s0.02 0\s1.0000000000000001e-7\s0.0009999959806868243\s0.001 0\s1.0000000000000001e-7\s0.0009999959806868243\s0.001 0\s1.0000000000000001e-7\s0.0009999959806868243\s0.001 0\s1.0000000000000001e-7\s0.0009999959806868243\s0.001 0\s0 0\s0 0\s0 0\s0 36\s1.5\s0.02 36\s1.5\s0.02 36\s1.5\s0.02 36\s1.5\s0.02 0\s1.0000000000000001e-7\s0.0009999924754700296\s0.001 0\s1.0000000000000001e-7\s0.0009999924754700296\s0.001 0\s1.0000000000000001e-7\s0.0009999924754700296\s0.001 0\s1.0000000000000001e-7\s0.0009999924754700296\s0.001 0\s0 0\s0 0\s0 0\s0 36\s1.5\s0.02 36\s1.5\s0.02 36\s1.5\s0.02 36\s1.5\s0.02 0\s1.0000000000000001e-7\s0.0009999950731776482\s0.001 0\s1.0000000000000001e-7\s0.0009999950731776482\s0.001 0\s1.0000000000000001e-7\s0.0009999950731776482\s0.001 0\s1.0000000000000001e-7\s0.0009999950731776482\s0.001 0\s0 0\s0 0\s0 0\s0 36\s1.5\s0.02 36\s1.5\s0.02 36\s1.5\s0.02 36\s1.5\s0.02 0\s1.0000000000000001e-7\s0.0009999722209146926\s0.001 0\s1.0000000000000001e-7\s0.0009999722209146926\s0.001 0\s1.0000000000000001e-7\s0.0009999722209146926\s0.001 0\s1.0000000000000001e-7\s0.0009999722209146926\s0.001 0\s0 0\s0 0\s0 0\s0 36\s1.5\s0.02 36\s1.5\s0.02 36\s1.5\s0.02 36\s1.5\s0.02 0\s1.0000000000000001e-7\s0.000999995517021361\s0.001 0\s1.0000000000000001e-7\s0.000999995517021361\s0.001 0\s1.0000000000000001e-7\s0.000999995517021361\s0.001 0\s1.0000000000000001e-7\s0.000999995517021361\s0.001 0\s0 0\s0 0\s0 0\s0 36\s1.5\s0.02 36\s1.5\s0.02 36\s1.5\s0.02 36\s1.5\s0.02 0\s1.0000000000000001e-7\s0.000999983879627599\s0.001 0\s1.0000000000000001e-7\s0.000999983879627599\s0.001 0\s1.0000000000000001e-7\s0.000999983879627599\s0.001 0\s1.0000000000000001e-7\s0.000999983879627599\s0.001 0\s0 0\s0 0\s0 0\s0 36\s1.5\s0.02 36\s1.5\s0.02 36\s1.5\s0.02 36\s1.5\s0.02 0\s1.0000000000000001e-7\s0.0009999954914326258\s0.001 0\s1.0000000000000001e-7\s0.0009999954914326258\s0.001 0\s1.0000000000000001e-7\s0.0009999954914326258\s0.001 0\s1.0000000000000001e-7\s0.0009999954914326258\s0.001 0\s0 0\s0 0\s0 0\s0 36\s1.5\s0.02 36\s1.5\s0.02 36\s1.5\s0.02 36\s1.5\s0.02 0\s1.0000000000000001e-7\s0.00099999330875584\s0.001 0\s1.0000000000000001e-7\s0.00099999330875584\s0.001 0\s1.0000000000000001e-7\s0.00099999330875584\s0.001 0\s1.0000000000000001e-7\s0.00099999330875584\s0.001 0\s0 0\s0 0\s0 0\s0 36\s1.5\s0.02 36\s1.5\s0.02 36\s1.5\s0.02 36\s1.5\s0.02 0\s1.0000000000000001e-7\s0.0009999963293992429\s0.001 0\s1.0000000000000001e-7\s0.0009999963293992429\s0.001 0\s1.0000000000000001e-7\s0.0009999963293992429\s0.001 0\s1.0000000000000001e-7\s0.0009999963293992429\s0.001 0\s0 0\s0 0\s0 0\s0 36\s1.5\s0.02 36\s1.5\s0.02 36\s1.5\s0.02 36\s1.5\s0.02 0\s1.0000000000000001e-7\s0.0009999922590333708\s0.001 0\s1.0000000000000001e-7\s0.0009999922590333708\s0.001 0\s1.0000000000000001e-7\s0.0009999922590333708\s0.001 0\s1.0000000000000001e-7\s0.0009999922590333708\s0.001 0\s0 0\s0 0\s0 0\s0 36\s1.5\s0.02 36\s1.5\s0.02 36\s1.5\s0.02 36\s1.5\s0.02 0\s1.0000000000000001e-7\s0.0009999607226672431\s0.001 0\s1.0000000000000001e-7\s0.0009999607226672431\s0.001 0\s1.0000000000000001e-7\s0.0009999607226672431\s0.001 0\s1.0000000000000001e-7\s0.0009999607226672431\s0.001 0\s0 0\s0 0\s0 0\s0 0\s4 0\s1\sfalse\s5\s0
o 508 64 0 4099 5 0.1 0 2 508 3
