$ 1 0.000005 21.593987231061412 14 5 50 5e-11
207 3632 1856 3632 1968 4 Eout
207 3216 1872 3216 1968 4 Dout
207 2912 1872 2912 1984 4 Cout
207 2608 1872 2608 1984 4 Bout
207 2256 1888 2256 1984 4 Aout
w 2256 1664 2240 1664 0
w 2256 1664 2256 1888 0
w 2608 1648 2608 1872 0
w 2608 1648 2608 1504 0
w 2912 1648 2912 1872 0
w 2912 1648 2912 1504 0
w 3216 1680 3168 1680 0
w 3216 1680 3216 1872 0
w 3632 1664 3568 1664 0
w 3632 1664 3632 1856 0
w 3632 1504 3632 1664 0
w 3216 1504 3216 1680 0
w 2256 1504 2256 1664 0
207 2080 1584 2000 1584 4 REFRESH
w 3120 1584 3120 1664 0
w 3120 1584 2864 1584 0
w 2864 1584 2864 1632 0
w 2864 1584 2560 1584 0
w 2560 1584 2560 1632 0
w 2560 1584 2192 1584 0
w 2192 1584 2192 1648 0
w 2192 1584 2080 1584 0
w 3520 1584 3120 1584 0
w 3520 1648 3520 1584 0
w 3472 1632 3472 1664 0
w 3072 1632 3072 1680 0
w 2816 1600 2816 1648 0
w 2512 1600 2512 1648 0
w 2144 1600 2144 1664 0
180 3568 1664 3472 1664 0 0.1 10000000000
180 3168 1680 3072 1680 0 0.1 10000000000
180 2912 1648 2816 1648 0 0.1 10000000000
180 2608 1648 2512 1648 0 0.1 10000000000
180 2240 1664 2144 1664 0 0.1 10000000000
R 3520 1520 3392 1520 0 0 40 2.5 0 0 0.5
R 3104 1520 3008 1520 0 0 40 2.5 0 0 0.5
R 2864 1520 2768 1520 0 0 40 2.5 0 0 0.5
R 2544 1520 2464 1520 0 0 40 2.5 0 0 0.5
R 2192 1520 2064 1520 0 0 40 2.5 0 0 0.5
w 2144 1488 2192 1488 0
w 2144 1488 2144 1600 0
w 2512 1488 2544 1488 0
w 2512 1488 2512 1600 0
w 2816 1488 2864 1488 0
w 2816 1488 2816 1600 0
w 3072 1488 3104 1488 0
w 3072 1488 3072 1632 0
w 3472 1488 3520 1488 0
w 3472 1488 3472 1632 0
a 3520 1504 3632 1504 9 5 0 1000000 2.5 0.000994304706171977 100000
a 3104 1504 3216 1504 9 5 0 1000000 2.5 0.0009943047060489358 100000
a 2864 1504 2912 1504 9 5 0 1000000 2.5 0.0009943047060893646 100000
a 2544 1504 2608 1504 9 5 0 1000000 2.5 0.0009943047060718504 100000
a 2192 1504 2256 1504 9 5 0 1000000 2.5 0.0009943047060808183 100000
w 2224 1456 2608 1456 0
207 2064 1280 1952 1280 4 WRITE
180 2144 1184 2144 1376 0 0.1 10000000000
180 2512 1184 2512 1376 0 0.1 10000000000
180 2816 1184 2816 1376 0 0.1 10000000000
180 3072 1184 3072 1376 0 0.1 10000000000
w 2128 1280 2064 1280 0
w 2064 1280 2064 1232 0
w 2064 1232 2464 1232 0
w 3024 1232 3024 1280 0
w 3024 1280 3056 1280 0
w 2800 1280 2768 1280 0
w 2768 1232 3024 1232 0
w 2768 1232 2768 1280 0
w 2496 1280 2464 1280 0
w 2464 1232 2768 1232 0
w 2464 1232 2464 1280 0
f 2224 1456 2224 1376 36 1.5 0.02
f 2608 1456 2608 1376 36 1.5 0.02
f 2896 1456 2896 1376 36 1.5 0.02
f 3152 1456 3152 1376 36 1.5 0.02
w 2144 1376 2208 1376 0
w 2512 1376 2592 1376 0
w 2816 1376 2880 1376 0
w 3072 1376 3136 1376 0
w 2240 1376 2272 1376 0
w 2624 1376 2656 1376 0
w 2912 1376 2944 1376 0
w 3168 1376 3200 1376 0
c 2272 1376 2272 1424 0 1.0000000000000001e-7 0.0009943047089224961 0.001
c 2656 1376 2656 1424 0 1.0000000000000001e-7 0.000994304708913528 0.001
c 2944 1376 2944 1424 0 1.0000000000000001e-7 0.0009943047089310425 0.001
c 3200 1376 3200 1424 0 1.0000000000000001e-7 0.0009943047088906136 0.001
g 2272 1424 2272 1456 0 0
g 2656 1424 2656 1456 0 0
g 2944 1424 2944 1456 0 0
g 3200 1424 3200 1456 0 0
w 2608 1456 2896 1456 0
w 2896 1456 3152 1456 0
w 2224 1456 1952 1456 0
w 1440 1456 1952 1456 0
207 2144 1184 2144 1104 4 Ain
207 2512 1184 2512 1088 4 Bin
207 2816 1184 2816 1088 4 Cin
207 3072 1184 3072 1088 4 Din
207 3472 1184 3472 1088 4 Ein
w 3184 1456 3568 1456 0
g 3616 1424 3616 1456 0 0
c 3616 1376 3616 1424 0 1.0000000000000001e-7 0.0009943047090136545 0.001
w 3584 1376 3616 1376 0
w 3472 1376 3552 1376 0
f 3568 1456 3568 1376 36 1.5 0.02
w 3424 1232 3424 1280 0
w 3456 1280 3424 1280 0
w 3024 1232 3424 1232 0
180 3472 1184 3472 1376 0 0.1 10000000000
w 3152 1456 3184 1456 0
w 2144 1376 2144 1488 0
w 2512 1376 2512 1488 0
w 2816 1376 2816 1488 0
w 3072 1376 3072 1488 0
w 3472 1376 3472 1488 0
w 4432 1376 4432 1488 0
w 4176 1376 4176 1488 0
w 3872 1376 3872 1488 0
w 4512 1456 4544 1456 0
207 4432 1184 4432 1088 4 Hin
207 4176 1184 4176 1088 4 Gin
207 3872 1184 3872 1088 4 Fin
w 4256 1456 4512 1456 0
w 3968 1456 4256 1456 0
g 4560 1424 4560 1456 0 0
g 4304 1424 4304 1456 0 0
g 4016 1424 4016 1456 0 0
c 4560 1376 4560 1424 0 1.0000000000000001e-7 0.0009943049088289842 0.001
c 4304 1376 4304 1424 0 1.0000000000000001e-7 0.000994304908868612 0.001
c 4016 1376 4016 1424 0 1.0000000000000001e-7 0.0009943049088516477 0.001
w 4528 1376 4560 1376 0
w 4272 1376 4304 1376 0
w 3984 1376 4016 1376 0
w 4432 1376 4496 1376 0
w 4176 1376 4240 1376 0
w 3872 1376 3952 1376 0
f 4512 1456 4512 1376 36 1.5 0.02
f 4256 1456 4256 1376 36 1.5 0.02
f 3968 1456 3968 1376 36 1.5 0.02
w 3824 1232 3824 1280 0
w 3824 1232 4128 1232 0
w 3856 1280 3824 1280 0
w 4128 1232 4128 1280 0
w 4128 1232 4384 1232 0
w 4160 1280 4128 1280 0
w 4384 1280 4416 1280 0
w 4384 1232 4384 1280 0
w 3424 1232 3824 1232 0
180 4432 1184 4432 1376 0 0.1 10000000000
180 4176 1184 4176 1376 0 0.1 10000000000
180 3872 1184 3872 1376 0 0.1 10000000000
w 3584 1456 3968 1456 0
a 3904 1504 3968 1504 9 5 0 1000000 2.5 0.0009943049060099694 100000
a 4224 1504 4272 1504 9 5 0 1000000 2.5 0.000994304906026934 100000
a 4464 1504 4576 1504 9 5 0 1000000 2.5 0.000994304905987306 100000
w 4432 1488 4432 1632 0
w 4432 1488 4464 1488 0
w 4176 1488 4176 1600 0
w 4176 1488 4224 1488 0
w 3872 1488 3872 1600 0
w 3872 1488 3904 1488 0
R 3904 1520 3824 1520 0 0 40 2.5 0 0 0.5
R 4224 1520 4128 1520 0 0 40 2.5 0 0 0.5
R 4464 1520 4368 1520 0 0 40 2.5 0 0 0.5
180 3968 1648 3872 1648 0 0.1 10000000000
180 4272 1648 4176 1648 0 0.1 10000000000
180 4528 1680 4432 1680 0 0.1 10000000000
w 3872 1600 3872 1648 0
w 4176 1600 4176 1648 0
w 4432 1632 4432 1680 0
w 3920 1584 3552 1584 0
w 3920 1584 3920 1632 0
w 4224 1584 3920 1584 0
w 4224 1584 4224 1632 0
w 4480 1584 4224 1584 0
w 4480 1584 4480 1664 0
w 4576 1504 4576 1680 0
w 4576 1680 4576 1872 0
w 4576 1680 4528 1680 0
w 4272 1648 4272 1504 0
w 4272 1648 4272 1872 0
w 3968 1648 3968 1504 0
w 3968 1648 3968 1872 0
207 3968 1872 3968 1984 4 Fout
207 4272 1872 4272 1984 4 Gout
207 4576 1872 4576 1968 4 Hout
w 3552 1584 3520 1584 0
w 3584 1456 3568 1456 0
L 1440 1456 1376 1456 2 1 false 5 0
. 8Bit\s-\sBuffer 0 7 11 18 Ain 24 0 2 Aout 5 0 3 Bin 26 1 2 Bout 4 1 3 Cin 28 2 2 Cout 3 2 3 Din 30 3 2 Dout 2 3 3 Ein 36 4 2 Eout 1 4 3 Fin 44 5 2 Fout 52 5 3 Gin 43 6 2 Gout 54 6 3 Hin 42 7 2 Hout 56 7 3 REFRESH 6 9 2 WRITE 23 10 2 TriStateElm\s1\s7\s6\rTriStateElm\s2\s8\s6\rTriStateElm\s3\s9\s6\rTriStateElm\s4\s10\s6\rTriStateElm\s5\s11\s6\rRailElm\s17\rRailElm\s18\rRailElm\s19\rRailElm\s20\rRailElm\s21\rOpAmpElm\s17\s7\s1\rOpAmpElm\s18\s8\s2\rOpAmpElm\s19\s9\s3\rOpAmpElm\s20\s10\s4\rOpAmpElm\s21\s11\s5\rTriStateElm\s24\s11\s23\rTriStateElm\s26\s10\s23\rTriStateElm\s28\s9\s23\rTriStateElm\s30\s8\s23\rMosfetElm\s22\s11\s32\rMosfetElm\s22\s10\s33\rMosfetElm\s22\s9\s34\rMosfetElm\s22\s8\s35\rCapacitorElm\s32\s0\rCapacitorElm\s33\s0\rCapacitorElm\s34\s0\rCapacitorElm\s35\s0\rCapacitorElm\s37\s0\rMosfetElm\s22\s7\s37\rTriStateElm\s36\s7\s23\rCapacitorElm\s45\s0\rCapacitorElm\s46\s0\rCapacitorElm\s47\s0\rMosfetElm\s22\s39\s45\rMosfetElm\s22\s40\s46\rMosfetElm\s22\s41\s47\rTriStateElm\s42\s39\s23\rTriStateElm\s43\s40\s23\rTriStateElm\s44\s41\s23\rOpAmpElm\s51\s41\s52\rOpAmpElm\s53\s40\s54\rOpAmpElm\s55\s39\s56\rRailElm\s51\rRailElm\s53\rRailElm\s55\rTriStateElm\s52\s41\s6\rTriStateElm\s54\s40\s6\rTriStateElm\s56\s39\s6\rLogicInputElm\s22 0\\s0.1\\s10000000000\s0\\s0.1\\s10000000000\s0\\s0.1\\s10000000000\s0\\s0.1\\s10000000000\s0\\s0.1\\s10000000000\s0\\s0\\s40\\s2.5\\s0\\s0\\s0.5\s0\\s0\\s40\\s2.5\\s0\\s0\\s0.5\s0\\s0\\s40\\s2.5\\s0\\s0\\s0.5\s0\\s0\\s40\\s2.5\\s0\\s0\\s0.5\s0\\s0\\s40\\s2.5\\s0\\s0\\s0.5\s9\\s5\\s0\\s1000000\\s2.5\\s0.000995348328772838\\s100000\s9\\s5\\s0\\s1000000\\s2.5\\s0.0009953483287222578\\s100000\s9\\s5\\s0\\s1000000\\s2.5\\s0.0009953483287624774\\s100000\s9\\s5\\s0\\s1000000\\s2.5\\s0.0009953483287449237\\s100000\s9\\s5\\s0\\s1000000\\s2.5\\s0.0009953483287542164\\s100000\s0\\s0.1\\s10000000000\s0\\s0.1\\s10000000000\s0\\s0.1\\s10000000000\s0\\s0.1\\s10000000000\s36\\s1.5\\s0.02\s36\\s1.5\\s0.02\s36\\s1.5\\s0.02\s36\\s1.5\\s0.02\s0\\s1.0000000000000001e-7\\s0.000995348331598878\\s0.001\s0\\s1.0000000000000001e-7\\s0.0009953483315895853\\s0.001\s0\\s1.0000000000000001e-7\\s0.000995348331607139\\s0.001\s0\\s1.0000000000000001e-7\\s0.0009953483315669194\\s0.001\s0\\s1.0000000000000001e-7\\s0.0009953483316174994\\s0.001\s36\\s1.5\\s0.02\s0\\s0.1\\s10000000000\s0\\s1.0000000000000001e-7\\s0.000995348531646545\\s0.001\s0\\s1.0000000000000001e-7\\s0.0009953485316863647\\s0.001\s0\\s1.0000000000000001e-7\\s0.0009953485316693388\\s0.001\s36\\s1.5\\s0.02\s36\\s1.5\\s0.02\s36\\s1.5\\s0.02\s0\\s0.1\\s10000000000\s0\\s0.1\\s10000000000\s0\\s0.1\\s10000000000\s9\\s5\\s0\\s1000000\\s2.5\\s0.000995348528824677\\s100000\s9\\s5\\s0\\s1000000\\s2.5\\s0.0009953485288417027\\s100000\s9\\s5\\s0\\s1000000\\s2.5\\s0.0009953485288018832\\s100000\s0\\s0\\s40\\s2.5\\s0\\s0\\s0.5\s0\\s0\\s40\\s2.5\\s0\\s0\\s0.5\s0\\s0\\s40\\s2.5\\s0\\s0\\s0.5\s0\\s0.1\\s10000000000\s0\\s0.1\\s10000000000\s0\\s0.1\\s10000000000\s2\\s1\\sfalse\\s5\\s0
410 1680 1920 1760 2016 1 8Bit\s-\sBuffer 0\s0.1\s10000000000 0\s0.1\s10000000000 0\s0.1\s10000000000 0\s0.1\s10000000000 0\s0.1\s10000000000 0\s0\s40\s2.5\s0\s0\s0.5 0\s0\s40\s2.5\s0\s0\s0.5 0\s0\s40\s2.5\s0\s0\s0.5 0\s0\s40\s2.5\s0\s0\s0.5 0\s0\s40\s2.5\s0\s0\s0.5 9\s5\s0\s1000000\s2.5\s0.0009953353047259111\s100000 9\s5\s0\s1000000\s2.5\s0.0009953353046745377\s100000 9\s5\s0\s1000000\s2.5\s0.000995335304714734\s100000 9\s5\s0\s1000000\s2.5\s0.0009953353046971908\s100000 9\s5\s0\s1000000\s2.5\s0.0009953353047065096\s100000 0\s0.1\s10000000000 0\s0.1\s10000000000 0\s0.1\s10000000000 0\s0.1\s10000000000 36\s1.5\s0.02 36\s1.5\s0.02 36\s1.5\s0.02 36\s1.5\s0.02 0\s1.0000000000000001e-7\s0.0009953353075511338\s0.001 0\s1.0000000000000001e-7\s0.0009953353075418151\s0.001 0\s1.0000000000000001e-7\s0.0009953353075593584\s0.001 0\s1.0000000000000001e-7\s0.000995335307519162\s0.001 0\s1.0000000000000001e-7\s0.0009953353075705352\s0.001 36\s1.5\s0.02 0\s0.1\s10000000000 0\s1.0000000000000001e-7\s0.0009953355075970017\s0.001 0\s1.0000000000000001e-7\s0.0009953355076368234\s0.001 0\s1.0000000000000001e-7\s0.0009953355076197943\s0.001 36\s1.5\s0.02 36\s1.5\s0.02 36\s1.5\s0.02 0\s0.1\s10000000000 0\s0.1\s10000000000 0\s0.1\s10000000000 9\s5\s0\s1000000\s2.5\s0.0009953355047751698\s100000 9\s5\s0\s1000000\s2.5\s0.0009953355047921987\s100000 9\s5\s0\s1000000\s2.5\s0.000995335504752377\s100000 0\s0\s40\s2.5\s0\s0\s0.5 0\s0\s40\s2.5\s0\s0\s0.5 0\s0\s40\s2.5\s0\s0\s0.5 0\s0.1\s10000000000 0\s0.1\s10000000000 0\s0.1\s10000000000 2\s1\sfalse\s5\s0
