$ 1 0.000005 10.20027730826997 50 5 50 5e-11
w 160 64 160 112 0
w 224 64 224 208 0
w 288 64 288 240 0
154 720 128 880 128 0 2 0 5
154 416 224 592 224 0 2 0 5
w 160 112 160 592 0
w 160 112 720 112 0
w 224 208 224 352 0
w 224 208 416 208 0
w 288 240 288 384 0
w 288 240 416 240 0
w 720 144 592 144 0
w 592 144 592 224 0
150 480 368 528 368 0 2 0 5
150 880 368 960 368 0 2 0 5
I 416 352 480 352 0 0.5 5
I 816 352 880 352 0 0.5 5
152 1024 432 1136 432 0 2 0 5
w 224 352 224 592 0
w 224 352 416 352 0
w 288 384 288 592 0
w 288 384 480 384 0
w 720 112 720 384 0
w 720 384 880 384 0
w 592 224 592 352 0
w 592 352 816 352 0
w 528 368 528 448 0
w 528 448 1024 448 0
w 960 368 960 416 0
w 960 416 1024 416 0
207 160 64 160 16 4 Bin
207 224 64 224 16 4 A
207 288 64 288 16 4 B
207 880 128 928 128 4 D
207 1136 432 1136 384 4 Bout
. Subtractor 0 2 3 5 A 2 0 2 B 3 1 2 Bin 1 2 2 Bout 10 0 3 D 5 1 3 XorGateElm\s4\s1\s5\rXorGateElm\s3\s2\s4\rAndGateElm\s3\s6\s7\rAndGateElm\s1\s8\s9\rInverterElm\s2\s6\rInverterElm\s4\s8\rOrGateElm\s7\s9\s10 0\\s2\\s0\\s5\s0\\s2\\s0\\s5\s0\\s2\\s0\\s5\s0\\s2\\s0\\s5\s0\\s0.5\\s5\s0\\s0.5\\s5\s0\\s2\\s0\\s5
410 0 208 48 304 1 Subtractor 0\s2\s0\s5 0\s2\s0\s5 0\s2\s0\s5 0\s2\s0\s5 0\s0.5\s5 0\s0.5\s5 0\s2\s0\s5
