$ 1 0.000005 0.04723665527410147 50 5 50 5e-11
207 3216 1872 3216 1968 4 Dout
207 2912 1872 2912 1984 4 Cout
207 2608 1872 2608 1984 4 Bout
207 2256 1888 2256 1984 4 Aout
w 2256 1664 2240 1664 0
w 2256 1664 2256 1888 0
w 2608 1648 2608 1872 0
w 2608 1648 2608 1504 0
w 2912 1648 2912 1872 0
w 2912 1648 2912 1504 0
w 3216 1680 3168 1680 0
w 3216 1680 3216 1872 0
w 3216 1504 3216 1680 0
w 2256 1504 2256 1664 0
207 2080 1584 2000 1584 4 REFRESH
w 3120 1584 3120 1664 0
w 3120 1584 2864 1584 0
w 2864 1584 2864 1632 0
w 2864 1584 2560 1584 0
w 2560 1584 2560 1632 0
w 2560 1584 2192 1584 0
w 2192 1584 2192 1648 0
w 2192 1584 2080 1584 0
w 3072 1632 3072 1680 0
w 2816 1600 2816 1648 0
w 2512 1600 2512 1648 0
w 2144 1600 2144 1664 0
180 3168 1680 3072 1680 0 0.1 10000000000
180 2912 1648 2816 1648 0 0.1 10000000000
180 2608 1648 2512 1648 0 0.1 10000000000
180 2240 1664 2144 1664 0 0.1 10000000000
R 3104 1520 3008 1520 0 0 40 2.5 0 0 0.5
R 2864 1520 2768 1520 0 0 40 2.5 0 0 0.5
R 2544 1520 2464 1520 0 0 40 2.5 0 0 0.5
R 2192 1520 2064 1520 0 0 40 2.5 0 0 0.5
w 2144 1488 2192 1488 0
w 2144 1488 2144 1600 0
w 2512 1488 2544 1488 0
w 2512 1488 2512 1600 0
w 2816 1488 2864 1488 0
w 2816 1488 2816 1600 0
w 3072 1488 3104 1488 0
w 3072 1488 3072 1632 0
a 3104 1504 3216 1504 9 5 0 1000000 2.5 0.0009963095490231008 100000
a 2864 1504 2912 1504 9 5 0 1000000 2.5 0.0009963095490629027 100000
a 2544 1504 2608 1504 9 5 0 1000000 2.5 0.0009963095490459024 100000
a 2192 1504 2256 1504 9 5 0 1000000 2.5 0.0009963095490545847 100000
w 2224 1456 2608 1456 0
207 2064 1280 1952 1280 4 WRITE
180 2144 1184 2144 1376 0 0.1 10000000000
180 2512 1184 2512 1376 0 0.1 10000000000
180 2816 1184 2816 1376 0 0.1 10000000000
180 3072 1184 3072 1376 0 0.1 10000000000
w 2128 1280 2064 1280 0
w 2064 1280 2064 1232 0
w 2064 1232 2464 1232 0
w 3024 1232 3024 1280 0
w 3024 1280 3056 1280 0
w 2800 1280 2768 1280 0
w 2768 1232 3024 1232 0
w 2768 1232 2768 1280 0
w 2496 1280 2464 1280 0
w 2464 1232 2768 1232 0
w 2464 1232 2464 1280 0
f 2224 1456 2224 1376 36 1.5 0.02
f 2608 1456 2608 1376 36 1.5 0.02
f 2896 1456 2896 1376 36 1.5 0.02
f 3152 1456 3152 1376 36 1.5 0.02
w 2144 1376 2208 1376 0
w 2512 1376 2592 1376 0
w 2816 1376 2880 1376 0
w 3072 1376 3136 1376 0
w 2240 1376 2272 1376 0
w 2624 1376 2656 1376 0
w 2912 1376 2944 1376 0
w 3168 1376 3200 1376 0
c 2272 1376 2272 1424 0 1.0000000000000001e-7 0.000996309551901994 0.001
c 2656 1376 2656 1424 0 1.0000000000000001e-7 0.0009963095518933118 0.001
c 2944 1376 2944 1424 0 1.0000000000000001e-7 0.0009963095519103119 0.001
c 3200 1376 3200 1424 0 1.0000000000000001e-7 0.00099630955187051 0.001
g 2272 1424 2272 1456 0 0
g 2656 1424 2656 1456 0 0
g 2944 1424 2944 1456 0 0
g 3200 1424 3200 1456 0 0
w 2608 1456 2896 1456 0
w 2896 1456 3152 1456 0
w 2224 1456 1952 1456 0
w 1440 1456 1952 1456 0
207 2144 1184 2144 1104 4 Ain
207 2512 1184 2512 1088 4 Bin
207 2816 1184 2816 1088 4 Cin
207 3072 1184 3072 1088 4 Din
w 3152 1456 3184 1456 0
w 2144 1376 2144 1488 0
w 2512 1376 2512 1488 0
w 2816 1376 2816 1488 0
w 3072 1376 3072 1488 0
L 1440 1456 1440 1376 2 1 false 5 0
. 4Bit\s-\sBuffer 0 4 7 10 Ain 20 0 2 Aout 4 0 3 Bin 22 1 2 Bout 3 1 3 Cin 24 2 2 Cout 2 2 3 Din 26 3 2 Dout 1 3 3 REFRESH 5 5 2 WRITE 19 6 2 TriStateElm\s1\s6\s5\rTriStateElm\s2\s7\s5\rTriStateElm\s3\s8\s5\rTriStateElm\s4\s9\s5\rRailElm\s14\rRailElm\s15\rRailElm\s16\rRailElm\s17\rOpAmpElm\s14\s6\s1\rOpAmpElm\s15\s7\s2\rOpAmpElm\s16\s8\s3\rOpAmpElm\s17\s9\s4\rTriStateElm\s20\s9\s19\rTriStateElm\s22\s8\s19\rTriStateElm\s24\s7\s19\rTriStateElm\s26\s6\s19\rMosfetElm\s18\s9\s28\rMosfetElm\s18\s8\s29\rMosfetElm\s18\s7\s30\rMosfetElm\s18\s6\s31\rCapacitorElm\s28\s0\rCapacitorElm\s29\s0\rCapacitorElm\s30\s0\rCapacitorElm\s31\s0\rLogicInputElm\s18 0\\s0.1\\s10000000000\s0\\s0.1\\s10000000000\s0\\s0.1\\s10000000000\s0\\s0.1\\s10000000000\s0\\s0\\s40\\s2.5\\s0\\s0\\s0.5\s0\\s0\\s40\\s2.5\\s0\\s0\\s0.5\s0\\s0\\s40\\s2.5\\s0\\s0\\s0.5\s0\\s0\\s40\\s2.5\\s0\\s0\\s0.5\s9\\s5\\s0\\s1000000\\s2.5\\s0.0009963162442458715\\s100000\s9\\s5\\s0\\s1000000\\s2.5\\s0.0009963162442856613\\s100000\s9\\s5\\s0\\s1000000\\s2.5\\s0.0009963162442686601\\s100000\s9\\s5\\s0\\s1000000\\s2.5\\s0.0009963162442773413\\s100000\s0\\s0.1\\s10000000000\s0\\s0.1\\s10000000000\s0\\s0.1\\s10000000000\s0\\s0.1\\s10000000000\s36\\s1.5\\s0.02\s36\\s1.5\\s0.02\s36\\s1.5\\s0.02\s36\\s1.5\\s0.02\s0\\s1.0000000000000001e-7\\s0.0009963162471247698\\s0.001\s0\\s1.0000000000000001e-7\\s0.0009963162471160886\\s0.001\s0\\s1.0000000000000001e-7\\s0.0009963162471330897\\s0.001\s0\\s1.0000000000000001e-7\\s0.0009963162470932997\\s0.001\s2\\s1\\sfalse\\s5\\s0
410 1568 1664 1680 1760 1 4Bit\s-\sBuffer 0\s0.1\s10000000000 0\s0.1\s10000000000 0\s0.1\s10000000000 0\s0.1\s10000000000 0\s0\s40\s2.5\s0\s0\s0.5 0\s0\s40\s2.5\s0\s0\s0.5 0\s0\s40\s2.5\s0\s0\s0.5 0\s0\s40\s2.5\s0\s0\s0.5 9\s5\s0\s1000000\s2.5\s0.0009963158407378687\s100000 9\s5\s0\s1000000\s2.5\s0.000996315840777659\s100000 9\s5\s0\s1000000\s2.5\s0.000996315840760657\s100000 9\s5\s0\s1000000\s2.5\s0.000996315840769339\s100000 0\s0.1\s10000000000 0\s0.1\s10000000000 0\s0.1\s10000000000 0\s0.1\s10000000000 36\s1.5\s0.02 36\s1.5\s0.02 36\s1.5\s0.02 36\s1.5\s0.02 0\s1.0000000000000001e-7\s0.0009963158436167663\s0.001 0\s1.0000000000000001e-7\s0.0009963158436080844\s0.001 0\s1.0000000000000001e-7\s0.0009963158436250865\s0.001 0\s1.0000000000000001e-7\s0.000996315843585296\s0.001 2\s1\sfalse\s5\s0
