$ 1 0.000005 10.20027730826997 50 5 50 5e-11
156 176 256 208 256 0 0
156 432 256 464 256 0 0
156 656 256 704 256 0 0
156 880 256 928 256 0 0
w 272 256 384 256 0
w 432 320 384 320 0
w 384 256 432 256 0
w 384 256 384 320 0
w 384 256 384 176 0
w 384 176 528 176 0
150 544 208 592 208 0 2 0 5
w 528 176 528 192 0
w 528 192 544 192 0
w 528 256 528 224 0
w 528 224 544 224 0
w 592 208 624 208 0
w 624 208 624 256 0
w 624 256 656 256 0
w 624 256 624 320 0
w 624 320 656 320 0
w 624 208 752 208 0
150 768 224 816 224 0 2 0 5
w 752 208 768 208 0
w 752 256 752 240 0
w 752 240 768 240 0
w 816 224 848 224 0
w 848 224 848 256 0
w 848 320 880 320 0
w 848 256 848 320 0
w 848 256 880 256 0
L 176 256 112 256 2 1 false 5 0
L 176 320 112 320 2 1 false 5 0
w 176 288 160 288 0
w 160 288 160 368 0
w 160 368 432 368 0
w 432 368 432 288 0
w 432 368 656 368 0
w 656 368 656 288 0
w 656 368 880 368 0
w 880 368 880 288 0
w 272 256 272 128 0
w 528 224 528 128 0
w 752 240 752 128 0
w 976 256 976 128 0
207 272 128 272 64 4 D
207 528 128 528 64 4 C
207 752 128 752 64 4 B
207 976 128 976 64 4 A
207 160 368 112 368 4 CLK
. Contador-15 0 2 5 5 A 12 0 3 B 9 1 3 C 6 3 3 CLK 2 2 2 D 4 4 3 JKFlipFlopElm\s1\s2\s3\s4\s5\rJKFlipFlopElm\s4\s2\s4\s6\s7\rJKFlipFlopElm\s8\s2\s8\s9\s10\rJKFlipFlopElm\s11\s2\s11\s12\s13\rAndGateElm\s6\s4\s8\rAndGateElm\s9\s8\s11\rLogicInputElm\s1\rLogicInputElm\s3 0\\s0\s0\\s0\s0\\s0\s0\\s0\s0\\s2\\s0\\s5\s0\\s2\\s0\\s5\s2\\s1\\sfalse\\s5\\s0\s2\\s1\\sfalse\\s5\\s0
410 368 480 416 512 1 Contador-15 0\s0 0\s0 0\s0 0\s0 0\s2\s0\s5 0\s2\s0\s5 2\s1\sfalse\s5\s0 2\s1\sfalse\s5\s0
