$ 1 0.000005 10.20027730826997 50 5 50 5e-11
156 192 288 256 288 1024 0
156 464 288 512 288 1024 0
156 1008 288 1056 288 1024 0
156 736 288 800 288 1024 0
w 112 -16 176 -16 0
w 112 0 304 0 0
w 112 16 288 16 0
w 112 32 272 32 0
w 112 -80 1008 -80 0
w 112 -96 736 -96 0
w 112 -112 464 -112 0
w 112 -128 192 -128 0
w 192 -128 576 -128 0
w 192 -128 192 288 0
w 192 352 176 352 0
w 176 -16 1248 -16 0
w 176 -16 176 352 0
w 464 -112 832 -112 0
w 464 -112 464 288 0
w 464 352 448 352 0
w 448 0 1248 0 0
w 448 0 448 352 0
w 736 -96 1248 -96 0
w 736 -96 736 288 0
w 736 352 720 352 0
w 720 16 1248 16 0
w 720 16 720 352 0
w 1008 -80 1248 -80 0
w 1008 -80 1008 288 0
w 1008 352 992 352 0
w 992 32 1248 32 0
w 992 32 992 352 0
w 288 320 320 320 0
w 320 320 320 416 0
w 560 320 592 320 0
w 592 320 592 416 0
w 832 320 864 320 0
w 864 320 864 416 0
w 1104 320 1136 320 0
w 1136 320 1136 416 0
w 1136 416 864 416 0
w 864 416 592 416 0
w 592 416 320 416 0
w 320 416 128 416 0
150 288 192 288 288 0 3 5 5
150 560 192 560 288 0 2 0 5
150 832 192 832 288 0 2 0 5
150 640 192 640 288 0 2 5 5
w 272 32 352 32 0
w 272 32 272 192 0
w 288 16 656 16 0
w 288 16 288 192 0
w 304 0 448 0 0
w 304 0 304 192 0
w 288 352 352 352 0
w 352 32 544 32 0
w 352 32 352 352 0
w 544 32 624 32 0
w 544 32 544 192 0
w 576 -128 800 -128 0
w 576 -128 576 192 0
w 624 32 848 32 0
w 624 32 624 192 0
w 656 16 720 16 0
w 656 16 656 192 0
w 640 288 640 352 0
w 640 352 560 352 0
w 1104 288 1200 288 0
w 1104 352 1200 352 0
w 1200 352 1200 288 0
w 1200 288 1200 256 0
L 1200 256 1200 208 2 1 false 5 0
152 816 112 816 192 0 2 0 5
w 800 -128 1248 -128 0
w 800 -128 800 112 0
w 832 -112 1248 -112 0
w 832 -112 832 112 0
w 848 32 896 32 0
w 848 32 848 192 0
w 80 416 128 416 0
w 832 352 896 352 0
w 896 352 896 48 0
w 896 32 992 32 0
w 896 32 896 48 0
207 80 416 16 416 4 CLK
207 1248 -128 1312 -128 4 A
207 1248 -112 1296 -112 4 B
207 1248 -96 1296 -96 4 C
207 1248 -80 1296 -80 4 D
. Contador-MOD10 0 2 5 5 A 4 0 3 B 8 1 3 C 13 3 3 CLK 2 2 2 D 11 4 3 JKFlipFlopElm\s1\s2\s3\s4\s5\rJKFlipFlopElm\s6\s2\s7\s8\s9\rJKFlipFlopElm\s10\s2\s10\s11\s3\rJKFlipFlopElm\s12\s2\s3\s13\s14\rAndGateElm\s3\s14\s9\s1\rAndGateElm\s3\s4\s6\rAndGateElm\s15\s3\s12\rAndGateElm\s3\s14\s7\rLogicInputElm\s10\rOrGateElm\s4\s8\s15 1024\\s0\s1024\\s5\s1024\\s0\s1024\\s0\s0\\s3\\s0\\s5\s0\\s2\\s0\\s5\s0\\s2\\s5\\s5\s0\\s2\\s5\\s5\s2\\s1\\sfalse\\s5\\s0\s0\\s2\\s5\\s5
410 -288 368 -208 496 1 Contador-MOD10 1024\s0 1024\s0 1024\s0 1024\s0 0\s3\s5\s5 0\s2\s0\s5 0\s2\s0\s5 0\s2\s5\s5 2\s1\sfalse\s5\s0 0\s2\s0\s5
