$ 1 0.000005 10.20027730826997 50 5 50 5e-11
150 224 144 416 144 0 2 0 5
152 240 256 400 256 0 2 0 5
207 224 128 128 128 4 A
207 224 160 128 160 4 B
207 240 240 128 240 4 C
207 240 272 128 272 4 D
w 416 144 496 144 0
150 496 208 608 208 0 2 0 5
w 496 144 496 192 0
w 400 256 496 256 0
w 496 256 496 224 0
207 608 208 736 208 4 LED
. Conversor-LED 0 3 5 5 A 2 0 2 B 1 1 2 C 5 3 2 D 4 4 2 LED 7 2 3 AndGateElm\s1\s2\s3\rOrGateElm\s4\s5\s6\rAndGateElm\s6\s3\s7 0\\s2\\s0\\s5\s0\\s2\\s0\\s5\s0\\s2\\s0\\s5
410 400 496 480 544 1 Conversor-LED 0\s2\s0\s5 0\s2\s0\s5 0\s2\s0\s5
