$ 1 0.000005 10.20027730826997 50 5 50 5e-11
. Subtractor 0 2 3 5 A 2 0 2 B 3 1 2 Bin 1 2 2 Bout 10 0 3 D 5 1 3 XorGateElm\s4\s1\s5\rXorGateElm\s3\s2\s4\rAndGateElm\s3\s6\s7\rAndGateElm\s1\s8\s9\rInverterElm\s2\s6\rInverterElm\s4\s8\rOrGateElm\s7\s9\s10 0\\s2\\s0\\s5\s0\\s2\\s0\\s5\s0\\s2\\s0\\s5\s0\\s2\\s0\\s5\s0\\s0.5\\s5\s0\\s0.5\\s5\s0\\s2\\s0\\s5
410 0 208 48 304 1 Subtractor 0\s2\s0\s5 0\s2\s0\s5 0\s2\s0\s5 0\s2\s0\s5 0\s0.5\s5 0\s0.5\s5 0\s2\s0\s5
410 0 80 48 176 1 Subtractor 0\s2\s0\s5 0\s2\s0\s5 0\s2\s0\s5 0\s2\s0\s5 0\s0.5\s5 0\s0.5\s5 0\s2\s0\s5
410 0 -48 48 48 1 Subtractor 0\s2\s0\s5 0\s2\s0\s5 0\s2\s0\s5 0\s2\s0\s5 0\s0.5\s5 0\s0.5\s5 0\s2\s0\s5
410 0 -176 48 -80 1 Subtractor 0\s2\s0\s5 0\s2\s0\s5 0\s2\s0\s5 0\s2\s0\s5 0\s0.5\s5 0\s0.5\s5 0\s2\s0\s5
w 96 208 96 176 0
w 96 176 0 176 0
w 0 176 0 144 0
w 96 80 96 48 0
w 96 48 0 48 0
w 0 48 0 16 0
w 96 -48 96 -80 0
w 96 -80 0 -80 0
w 0 -80 0 -112 0
w -512 -208 -512 -176 0
w -480 -208 -480 -48 0
w -448 -208 -448 80 0
w -416 -208 -416 208 0
w -320 -208 -320 -144 0
w -288 -208 -288 -16 0
w -256 -208 -256 112 0
w -224 -208 -224 240 0
207 -512 -208 -512 -256 4 A0
207 -480 -208 -480 -256 4 B0
207 -448 -208 -448 -256 4 C0
207 -416 -208 -416 -256 4 D0
207 -320 -208 -320 -256 4 A1
207 -288 -208 -288 -256 4 B1
207 -256 -208 -256 -256 4 C1
207 -224 -208 -224 -256 4 D1
207 96 -176 192 -176 4 Menor
w -320 -144 -320 288 0
w -320 -144 0 -144 0
w -512 -176 -512 -48 0
w -512 -176 0 -176 0
w -512 -48 -512 288 0
w -480 -48 -480 288 0
w -480 -48 0 -48 0
w -288 -16 -288 288 0
w -288 -16 0 -16 0
w -448 80 -448 288 0
w -448 80 0 80 0
w -256 112 -256 288 0
w -256 112 0 112 0
w -416 208 -416 288 0
w -416 208 0 208 0
w -224 240 -224 288 0
w -224 240 0 240 0
L 0 272 -64 272 0 0 false 5 0
. Menor 0 4 9 9 A0 29 0 2 A1 30 5 2 B0 20 1 2 B1 21 6 2 C0 11 2 2 C1 12 7 2 D0 1 3 2 D1 2 8 2 Menor 31 4 3 CustomCompositeElm\s1\s2\s3\s4\s5\rCustomCompositeElm\s11\s12\s4\s13\s14\rCustomCompositeElm\s20\s21\s13\s22\s23\rCustomCompositeElm\s29\s30\s22\s31\s32\rLogicInputElm\s3 1\\sSubtractor\\s0\\\\s2\\\\s0\\\\s5\\s0\\\\s2\\\\s0\\\\s5\\s0\\\\s2\\\\s0\\\\s5\\s0\\\\s2\\\\s0\\\\s5\\s0\\\\s0.5\\\\s5\\s0\\\\s0.5\\\\s5\\s0\\\\s2\\\\s0\\\\s5\s1\\sSubtractor\\s0\\\\s2\\\\s0\\\\s5\\s0\\\\s2\\\\s0\\\\s5\\s0\\\\s2\\\\s0\\\\s5\\s0\\\\s2\\\\s0\\\\s5\\s0\\\\s0.5\\\\s5\\s0\\\\s0.5\\\\s5\\s0\\\\s2\\\\s0\\\\s5\s1\\sSubtractor\\s0\\\\s2\\\\s0\\\\s5\\s0\\\\s2\\\\s0\\\\s5\\s0\\\\s2\\\\s0\\\\s5\\s0\\\\s2\\\\s0\\\\s5\\s0\\\\s0.5\\\\s5\\s0\\\\s0.5\\\\s5\\s0\\\\s2\\\\s0\\\\s5\s1\\sSubtractor\\s0\\\\s2\\\\s0\\\\s5\\s0\\\\s2\\\\s0\\\\s5\\s0\\\\s2\\\\s0\\\\s5\\s0\\\\s2\\\\s0\\\\s5\\s0\\\\s0.5\\\\s5\\s0\\\\s0.5\\\\s5\\s0\\\\s2\\\\s0\\\\s5\s0\\s0\\sfalse\\s5\\s0
410 320 -64 416 64 1 Menor 1\sSubtractor\s0\\s2\\s0\\s5\s0\\s2\\s0\\s5\s0\\s2\\s0\\s5\s0\\s2\\s0\\s5\s0\\s0.5\\s5\s0\\s0.5\\s5\s0\\s2\\s0\\s5 1\sSubtractor\s0\\s2\\s0\\s5\s0\\s2\\s0\\s5\s0\\s2\\s0\\s5\s0\\s2\\s0\\s5\s0\\s0.5\\s5\s0\\s0.5\\s5\s0\\s2\\s0\\s5 1\sSubtractor\s0\\s2\\s0\\s5\s0\\s2\\s0\\s5\s0\\s2\\s0\\s5\s0\\s2\\s0\\s5\s0\\s0.5\\s5\s0\\s0.5\\s5\s0\\s2\\s0\\s5 1\sSubtractor\s0\\s2\\s0\\s5\s0\\s2\\s0\\s5\s0\\s2\\s0\\s5\s0\\s2\\s0\\s5\s0\\s0.5\\s5\s0\\s0.5\\s5\s0\\s2\\s0\\s5 0\s0\sfalse\s5\s0
