$ 1 0.000005 10.20027730826997 50 5 50 5e-11
w 3472 1376 3472 1488 0
w 3072 1376 3072 1488 0
w 2816 1376 2816 1488 0
w 2512 1376 2512 1488 0
w 2144 1376 2144 1488 0
w 3152 1456 3184 1456 0
180 3472 1184 3472 1376 0 0.1 10000000000
w 3024 1232 3424 1232 0
w 3456 1280 3424 1280 0
w 3424 1232 3424 1280 0
f 3568 1456 3568 1376 36 1.5 0.02
w 3472 1376 3552 1376 0
w 3584 1376 3616 1376 0
c 3616 1376 3616 1424 0 1.0000000000000001e-7 0.0009968112869258503 0.001
g 3616 1424 3616 1456 0 0
w 3184 1456 3568 1456 0
207 3472 1184 3472 1088 4 Ein
207 3072 1184 3072 1088 4 Din
207 2816 1184 2816 1088 4 Cin
207 2512 1184 2512 1088 4 Bin
207 2144 1184 2144 1104 4 Ain
w 1440 1456 1952 1456 0
w 2224 1456 1952 1456 0
w 2896 1456 3152 1456 0
w 2608 1456 2896 1456 0
g 3200 1424 3200 1456 0 0
g 2944 1424 2944 1456 0 0
g 2656 1424 2656 1456 0 0
g 2272 1424 2272 1456 0 0
c 3200 1376 3200 1424 0 1.0000000000000001e-7 0.0009968112869119011 0.001
c 2944 1376 2944 1424 0 1.0000000000000001e-7 0.0009968112869516619 0.001
c 2656 1376 2656 1424 0 1.0000000000000001e-7 0.0009968112869346585 0.001
c 2272 1376 2272 1424 0 1.0000000000000001e-7 0.000996811286943346 0.001
w 3168 1376 3200 1376 0
w 2912 1376 2944 1376 0
w 2624 1376 2656 1376 0
w 2240 1376 2272 1376 0
w 3072 1376 3136 1376 0
w 2816 1376 2880 1376 0
w 2512 1376 2592 1376 0
w 2144 1376 2208 1376 0
f 3152 1456 3152 1376 36 1.5 0.02
f 2896 1456 2896 1376 36 1.5 0.02
f 2608 1456 2608 1376 36 1.5 0.02
f 2224 1456 2224 1376 36 1.5 0.02
w 2464 1232 2464 1280 0
w 2464 1232 2768 1232 0
w 2496 1280 2464 1280 0
w 2768 1232 2768 1280 0
w 2768 1232 3024 1232 0
w 2800 1280 2768 1280 0
w 3024 1280 3056 1280 0
w 3024 1232 3024 1280 0
w 2064 1232 2464 1232 0
w 2064 1280 2064 1232 0
w 2128 1280 2064 1280 0
180 3072 1184 3072 1376 0 0.1 10000000000
180 2816 1184 2816 1376 0 0.1 10000000000
180 2512 1184 2512 1376 0 0.1 10000000000
180 2144 1184 2144 1376 0 0.1 10000000000
207 2064 1280 1952 1280 4 WRITE-5Buffer
207 1440 1456 1440 1376 4 ADDR
w 2224 1456 2608 1456 0
a 2192 1504 2256 1504 9 5 0 1000000 2.5 0.000977265967591688 100000
a 2544 1504 2608 1504 9 5 0 1000000 2.5 0.0009772659675830143 100000
a 2864 1504 2912 1504 9 5 0 1000000 2.5 0.0009772659675998194 100000
a 3104 1504 3216 1504 9 5 0 1000000 2.5 0.0009772659675607882 100000
a 3520 1504 3632 1504 9 5 0 1000000 2.5 0.0009772659675743407 100000
w 3472 1488 3472 1632 0
w 3472 1488 3520 1488 0
w 3072 1488 3072 1632 0
w 3072 1488 3104 1488 0
w 2816 1488 2816 1600 0
w 2816 1488 2864 1488 0
w 2512 1488 2512 1600 0
w 2512 1488 2544 1488 0
w 2144 1488 2144 1600 0
w 2144 1488 2192 1488 0
R 2192 1520 2064 1520 0 0 40 2.5 0 0 0.5
R 2544 1520 2464 1520 0 0 40 2.5 0 0 0.5
R 2864 1520 2768 1520 0 0 40 2.5 0 0 0.5
R 3104 1520 3008 1520 0 0 40 2.5 0 0 0.5
R 3520 1520 3392 1520 0 0 40 2.5 0 0 0.5
180 2240 1664 2144 1664 0 0.1 10000000000
180 2608 1648 2512 1648 0 0.1 10000000000
180 2912 1648 2816 1648 0 0.1 10000000000
180 3168 1680 3072 1680 0 0.1 10000000000
180 3568 1664 3472 1664 0 0.1 10000000000
w 2144 1600 2144 1664 0
w 2512 1600 2512 1648 0
w 2816 1600 2816 1648 0
w 3072 1632 3072 1680 0
w 3472 1632 3472 1664 0
w 3520 1648 3520 1584 0
w 3520 1584 3120 1584 0
w 2192 1584 2080 1584 0
w 2192 1584 2192 1648 0
w 2560 1584 2192 1584 0
w 2560 1584 2560 1632 0
w 2864 1584 2560 1584 0
w 2864 1584 2864 1632 0
w 3120 1584 2864 1584 0
w 3120 1584 3120 1664 0
207 2080 1584 2000 1584 4 REFRESH
w 2256 1504 2256 1664 0
w 3216 1504 3216 1680 0
w 3632 1504 3632 1664 0
w 3632 1664 3632 1856 0
w 3632 1664 3568 1664 0
w 3216 1680 3216 1872 0
w 3216 1680 3168 1680 0
w 2912 1648 2912 1504 0
w 2912 1648 2912 1872 0
w 2608 1648 2608 1504 0
w 2608 1648 2608 1872 0
w 2256 1664 2256 1888 0
w 2256 1664 2240 1664 0
207 2256 1888 2256 1984 4 Aout
207 2608 1872 2608 1984 4 Bout
207 2912 1872 2912 1984 4 Cout
207 3216 1872 3216 1968 4 Dout
207 3632 1856 3632 1968 4 Eout
. 5bit\s-\sBuffer 0 7 7 13 ADDR 6 3 1 Ain 14 0 2 Aout 24 0 3 Bin 13 1 2 Bout 26 1 3 Cin 12 2 2 Cout 28 2 3 Din 11 3 2 Dout 30 3 3 Ein 7 4 2 Eout 32 4 3 REFRESH 33 6 2 WRITE-5Buffer 8 3 0 TriStateElm\s7\s1\s8\rMosfetElm\s6\s1\s10\rCapacitorElm\s10\s0\rCapacitorElm\s15\s0\rCapacitorElm\s16\s0\rCapacitorElm\s17\s0\rCapacitorElm\s18\s0\rMosfetElm\s6\s2\s15\rMosfetElm\s6\s3\s16\rMosfetElm\s6\s4\s17\rMosfetElm\s6\s5\s18\rTriStateElm\s11\s2\s8\rTriStateElm\s12\s3\s8\rTriStateElm\s13\s4\s8\rTriStateElm\s14\s5\s8\rOpAmpElm\s23\s5\s24\rOpAmpElm\s25\s4\s26\rOpAmpElm\s27\s3\s28\rOpAmpElm\s29\s2\s30\rOpAmpElm\s31\s1\s32\rRailElm\s23\rRailElm\s25\rRailElm\s27\rRailElm\s29\rRailElm\s31\rTriStateElm\s24\s5\s33\rTriStateElm\s26\s4\s33\rTriStateElm\s28\s3\s33\rTriStateElm\s30\s2\s33\rTriStateElm\s32\s1\s33 0\\s0.1\\s10000000000\s36\\s1.5\\s0.02\s0\\s1.0000000000000001e-7\\s0.000997818193405307\\s0.001\s0\\s1.0000000000000001e-7\\s0.000997818193391348\\s0.001\s0\\s1.0000000000000001e-7\\s0.0009978181934311343\\s0.001\s0\\s1.0000000000000001e-7\\s0.0009978181934141162\\s0.001\s0\\s1.0000000000000001e-7\\s0.0009978181934228402\\s0.001\s36\\s1.5\\s0.02\s36\\s1.5\\s0.02\s36\\s1.5\\s0.02\s36\\s1.5\\s0.02\s0\\s0.1\\s10000000000\s0\\s0.1\\s10000000000\s0\\s0.1\\s10000000000\s0\\s0.1\\s10000000000\s9\\s5\\s0\\s1000000\\s2.5\\s0.0009782531308069001\\s100000\s9\\s5\\s0\\s1000000\\s2.5\\s0.0009782531307982265\\s100000\s9\\s5\\s0\\s1000000\\s2.5\\s0.0009782531308150317\\s100000\s9\\s5\\s0\\s1000000\\s2.5\\s0.0009782531307760004\\s100000\s9\\s5\\s0\\s1000000\\s2.5\\s0.000978253130789553\\s100000\s0\\s0\\s40\\s2.5\\s0\\s0\\s0.5\s0\\s0\\s40\\s2.5\\s0\\s0\\s0.5\s0\\s0\\s40\\s2.5\\s0\\s0\\s0.5\s0\\s0\\s40\\s2.5\\s0\\s0\\s0.5\s0\\s0\\s40\\s2.5\\s0\\s0\\s0.5\s0\\s0.1\\s10000000000\s0\\s0.1\\s10000000000\s0\\s0.1\\s10000000000\s0\\s0.1\\s10000000000\s0\\s0.1\\s10000000000
410 1632 816 1792 944 1 5bit\s-\sBuffer 0\s0.1\s10000000000 36\s1.5\s0.02 0\s1.0000000000000001e-7\s0.0009977275868228847\s0.001 0\s1.0000000000000001e-7\s0.0009977275868089256\s0.001 0\s1.0000000000000001e-7\s0.0009977275868485892\s0.001 0\s1.0000000000000001e-7\s0.000997727586831683\s0.001 0\s1.0000000000000001e-7\s0.000997727586840295\s0.001 36\s1.5\s0.02 36\s1.5\s0.02 36\s1.5\s0.02 36\s1.5\s0.02 0\s0.1\s10000000000 0\s0.1\s10000000000 0\s0.1\s10000000000 0\s0.1\s10000000000 9\s5\s0\s1000000\s2.5\s0.0009781643008238187\s100000 9\s5\s0\s1000000\s2.5\s0.0009781643008153758\s100000 9\s5\s0\s1000000\s2.5\s0.0009781643008319504\s100000 9\s5\s0\s1000000\s2.5\s0.0009781643007930644\s100000 9\s5\s0\s1000000\s2.5\s0.0009781643008067499\s100000 0\s0\s40\s2.5\s0\s0\s0.5 0\s0\s40\s2.5\s0\s0\s0.5 0\s0\s40\s2.5\s0\s0\s0.5 0\s0\s40\s2.5\s0\s0\s0.5 0\s0\s40\s2.5\s0\s0\s0.5 0\s0.1\s10000000000 0\s0.1\s10000000000 0\s0.1\s10000000000 0\s0.1\s10000000000 0\s0.1\s10000000000
