$ 1 0.000005 0.04723665527410147 50 5 50 5e-11
207 3632 1856 3632 1968 4 Eout
207 3216 1872 3216 1968 4 Dout
207 2912 1872 2912 1984 4 Cout
207 2608 1872 2608 1984 4 Bout
207 2256 1888 2256 1984 4 Aout
w 2256 1664 2240 1664 0
w 2256 1664 2256 1888 0
w 2608 1648 2608 1872 0
w 2608 1648 2608 1504 0
w 2912 1648 2912 1872 0
w 2912 1648 2912 1504 0
w 3216 1680 3168 1680 0
w 3216 1680 3216 1872 0
w 3632 1664 3568 1664 0
w 3632 1664 3632 1856 0
w 3632 1504 3632 1664 0
w 3216 1504 3216 1680 0
w 2256 1504 2256 1664 0
207 2080 1584 2000 1584 4 REFRESH
w 3120 1584 3120 1664 0
w 3120 1584 2864 1584 0
w 2864 1584 2864 1632 0
w 2864 1584 2560 1584 0
w 2560 1584 2560 1632 0
w 2560 1584 2192 1584 0
w 2192 1584 2192 1648 0
w 2192 1584 2080 1584 0
w 3520 1584 3120 1584 0
w 3520 1648 3520 1584 0
w 3472 1632 3472 1664 0
w 3072 1632 3072 1680 0
w 2816 1600 2816 1648 0
w 2512 1600 2512 1648 0
w 2144 1600 2144 1664 0
180 3568 1664 3472 1664 0 0.1 10000000000
180 3168 1680 3072 1680 0 0.1 10000000000
180 2912 1648 2816 1648 0 0.1 10000000000
180 2608 1648 2512 1648 0 0.1 10000000000
180 2240 1664 2144 1664 0 0.1 10000000000
R 3520 1520 3392 1520 0 0 40 2.5 0 0 0.5
R 3104 1520 3008 1520 0 0 40 2.5 0 0 0.5
R 2864 1520 2768 1520 0 0 40 2.5 0 0 0.5
R 2544 1520 2464 1520 0 0 40 2.5 0 0 0.5
R 2192 1520 2064 1520 0 0 40 2.5 0 0 0.5
w 2144 1488 2192 1488 0
w 2144 1488 2144 1600 0
w 2512 1488 2544 1488 0
w 2512 1488 2512 1600 0
w 2816 1488 2864 1488 0
w 2816 1488 2816 1600 0
w 3072 1488 3104 1488 0
w 3072 1488 3072 1632 0
w 3472 1488 3520 1488 0
w 3472 1488 3472 1632 0
a 3520 1504 3632 1504 9 5 0 1000000 2.5 0.0009768005597021897 100000
a 3104 1504 3216 1504 9 5 0 1000000 2.5 0.000976800559688504 100000
a 2864 1504 2912 1504 9 5 0 1000000 2.5 0.000976800559727508 100000
a 2544 1504 2608 1504 9 5 0 1000000 2.5 0.0009768005597108472 100000
a 2192 1504 2256 1504 9 5 0 1000000 2.5 0.00097680055971935 100000
w 2224 1456 2608 1456 0
207 1440 1456 1440 1376 4 ADDR
207 2064 1280 1952 1280 4 WRITE-5Buffer
180 2144 1184 2144 1376 0 0.1 10000000000
180 2512 1184 2512 1376 0 0.1 10000000000
180 2816 1184 2816 1376 0 0.1 10000000000
180 3072 1184 3072 1376 0 0.1 10000000000
w 2128 1280 2064 1280 0
w 2064 1280 2064 1232 0
w 2064 1232 2464 1232 0
w 3024 1232 3024 1280 0
w 3024 1280 3056 1280 0
w 2800 1280 2768 1280 0
w 2768 1232 3024 1232 0
w 2768 1232 2768 1280 0
w 2496 1280 2464 1280 0
w 2464 1232 2768 1232 0
w 2464 1232 2464 1280 0
f 2224 1456 2224 1376 36 1.5 0.02
f 2608 1456 2608 1376 36 1.5 0.02
f 2896 1456 2896 1376 36 1.5 0.02
f 3152 1456 3152 1376 36 1.5 0.02
w 2144 1376 2208 1376 0
w 2512 1376 2592 1376 0
w 2816 1376 2880 1376 0
w 3072 1376 3136 1376 0
w 2240 1376 2272 1376 0
w 2624 1376 2656 1376 0
w 2912 1376 2944 1376 0
w 3168 1376 3200 1376 0
c 2272 1376 2272 1424 0 1.0000000000000001e-7 0.0009963365709137369 0.001
c 2656 1376 2656 1424 0 1.0000000000000001e-7 0.0009963365709050641 0.001
c 2944 1376 2944 1424 0 1.0000000000000001e-7 0.0009963365709220581 0.001
c 3200 1376 3200 1424 0 1.0000000000000001e-7 0.0009963365708822742 0.001
g 2272 1424 2272 1456 0 0
g 2656 1424 2656 1456 0 0
g 2944 1424 2944 1456 0 0
g 3200 1424 3200 1456 0 0
w 2608 1456 2896 1456 0
w 2896 1456 3152 1456 0
w 2224 1456 1952 1456 0
w 1440 1456 1952 1456 0
207 2144 1184 2144 1104 4 Ain
207 2512 1184 2512 1088 4 Bin
207 2816 1184 2816 1088 4 Cin
207 3072 1184 3072 1088 4 Din
207 3472 1184 3472 1088 4 Ein
w 3184 1456 3568 1456 0
g 3616 1424 3616 1456 0 0
c 3616 1376 3616 1424 0 1.0000000000000001e-7 0.0009963365708962333 0.001
w 3584 1376 3616 1376 0
w 3472 1376 3552 1376 0
f 3568 1456 3568 1376 36 1.5 0.02
w 3424 1232 3424 1280 0
w 3456 1280 3424 1280 0
w 3024 1232 3424 1232 0
180 3472 1184 3472 1376 0 0.1 10000000000
w 3152 1456 3184 1456 0
w 2144 1376 2144 1488 0
w 2512 1376 2512 1488 0
w 2816 1376 2816 1488 0
w 3072 1376 3072 1488 0
w 3472 1376 3472 1488 0
w 4832 1376 4832 1488 0
w 4432 1376 4432 1488 0
w 4176 1376 4176 1488 0
w 3872 1376 3872 1488 0
w 4512 1456 4544 1456 0
180 4832 1184 4832 1376 0 0.1 10000000000
w 4384 1232 4784 1232 0
w 4816 1280 4784 1280 0
w 4784 1232 4784 1280 0
f 4928 1456 4928 1376 36 1.5 0.02
w 4832 1376 4912 1376 0
w 4944 1376 4976 1376 0
c 4976 1376 4976 1424 0 1.0000000000000001e-7 0.000996336771140335 0.001
g 4976 1424 4976 1456 0 0
w 4544 1456 4928 1456 0
207 4832 1184 4832 1088 4 Iin
207 4432 1184 4432 1088 4 Hin
207 4176 1184 4176 1088 4 Gin
207 3872 1184 3872 1088 4 Fin
w 4256 1456 4512 1456 0
w 3968 1456 4256 1456 0
g 4560 1424 4560 1456 0 0
g 4304 1424 4304 1456 0 0
g 4016 1424 4016 1456 0 0
c 4560 1376 4560 1424 0 1.0000000000000001e-7 0.0009963367711263843 0.001
c 4304 1376 4304 1424 0 1.0000000000000001e-7 0.0009963367711661728 0.001
c 4016 1376 4016 1424 0 1.0000000000000001e-7 0.0009963367711491719 0.001
w 4528 1376 4560 1376 0
w 4272 1376 4304 1376 0
w 3984 1376 4016 1376 0
w 4432 1376 4496 1376 0
w 4176 1376 4240 1376 0
w 3872 1376 3952 1376 0
f 4512 1456 4512 1376 36 1.5 0.02
f 4256 1456 4256 1376 36 1.5 0.02
f 3968 1456 3968 1376 36 1.5 0.02
w 3824 1232 3824 1280 0
w 3824 1232 4128 1232 0
w 3856 1280 3824 1280 0
w 4128 1232 4128 1280 0
w 4128 1232 4384 1232 0
w 4160 1280 4128 1280 0
w 4384 1280 4416 1280 0
w 4384 1232 4384 1280 0
w 3424 1232 3824 1232 0
180 4432 1184 4432 1376 0 0.1 10000000000
180 4176 1184 4176 1376 0 0.1 10000000000
180 3872 1184 3872 1376 0 0.1 10000000000
w 3584 1456 3968 1456 0
a 3904 1504 3968 1504 9 5 0 1000000 2.5 0.0009768007560288392 100000
a 4224 1504 4272 1504 9 5 0 1000000 2.5 0.0009768007560451023 100000
a 4464 1504 4576 1504 9 5 0 1000000 2.5 0.000976800756006071 100000
a 4880 1504 4992 1504 9 5 0 1000000 2.5 0.0009768007560201656 100000
w 4832 1488 4832 1632 0
w 4832 1488 4880 1488 0
w 4432 1488 4432 1632 0
w 4432 1488 4464 1488 0
w 4176 1488 4176 1600 0
w 4176 1488 4224 1488 0
w 3872 1488 3872 1600 0
w 3872 1488 3904 1488 0
R 3904 1520 3824 1520 0 0 40 2.5 0 0 0.5
R 4224 1520 4128 1520 0 0 40 2.5 0 0 0.5
R 4464 1520 4368 1520 0 0 40 2.5 0 0 0.5
R 4880 1520 4752 1520 0 0 40 2.5 0 0 0.5
180 3968 1648 3872 1648 0 0.1 10000000000
180 4272 1648 4176 1648 0 0.1 10000000000
180 4528 1680 4432 1680 0 0.1 10000000000
180 4928 1664 4832 1664 0 0.1 10000000000
w 3872 1600 3872 1648 0
w 4176 1600 4176 1648 0
w 4432 1632 4432 1680 0
w 4832 1632 4832 1664 0
w 4880 1648 4880 1584 0
w 4880 1584 4480 1584 0
w 3920 1584 3552 1584 0
w 3920 1584 3920 1632 0
w 4224 1584 3920 1584 0
w 4224 1584 4224 1632 0
w 4480 1584 4224 1584 0
w 4480 1584 4480 1664 0
w 4576 1504 4576 1680 0
w 4992 1504 4992 1664 0
w 4992 1664 4992 1856 0
w 4992 1664 4928 1664 0
w 4576 1680 4576 1872 0
w 4576 1680 4528 1680 0
w 4272 1648 4272 1504 0
w 4272 1648 4272 1872 0
w 3968 1648 3968 1504 0
w 3968 1648 3968 1872 0
207 3968 1872 3968 1984 4 Fout
207 4272 1872 4272 1984 4 Gout
207 4576 1872 4576 1968 4 Hout
207 4992 1856 4992 1968 4 Iout
w 3552 1584 3520 1584 0
w 3584 1456 3568 1456 0
. 9bit\s-\sBuffer 0 8 13 21 ADDR 22 12 2 Ain 24 0 2 Aout 5 0 3 Bin 26 1 2 Bout 4 1 3 Cin 28 2 2 Cout 3 2 3 Din 30 3 2 Dout 2 3 3 Ein 36 4 2 Eout 1 4 3 Fin 48 5 2 Fout 56 5 3 Gin 47 6 2 Gout 58 6 3 Hin 46 7 2 Hout 60 7 3 Iin 43 8 2 Iout 62 8 3 REFRESH 6 11 2 WRITE-5Buffer 23 10 2 TriStateElm\s1\s7\s6\rTriStateElm\s2\s8\s6\rTriStateElm\s3\s9\s6\rTriStateElm\s4\s10\s6\rTriStateElm\s5\s11\s6\rRailElm\s17\rRailElm\s18\rRailElm\s19\rRailElm\s20\rRailElm\s21\rOpAmpElm\s17\s7\s1\rOpAmpElm\s18\s8\s2\rOpAmpElm\s19\s9\s3\rOpAmpElm\s20\s10\s4\rOpAmpElm\s21\s11\s5\rTriStateElm\s24\s11\s23\rTriStateElm\s26\s10\s23\rTriStateElm\s28\s9\s23\rTriStateElm\s30\s8\s23\rMosfetElm\s22\s11\s32\rMosfetElm\s22\s10\s33\rMosfetElm\s22\s9\s34\rMosfetElm\s22\s8\s35\rCapacitorElm\s32\s0\rCapacitorElm\s33\s0\rCapacitorElm\s34\s0\rCapacitorElm\s35\s0\rCapacitorElm\s37\s0\rMosfetElm\s22\s7\s37\rTriStateElm\s36\s7\s23\rTriStateElm\s43\s39\s23\rMosfetElm\s22\s39\s45\rCapacitorElm\s45\s0\rCapacitorElm\s49\s0\rCapacitorElm\s50\s0\rCapacitorElm\s51\s0\rMosfetElm\s22\s40\s49\rMosfetElm\s22\s41\s50\rMosfetElm\s22\s42\s51\rTriStateElm\s46\s40\s23\rTriStateElm\s47\s41\s23\rTriStateElm\s48\s42\s23\rOpAmpElm\s55\s42\s56\rOpAmpElm\s57\s41\s58\rOpAmpElm\s59\s40\s60\rOpAmpElm\s61\s39\s62\rRailElm\s55\rRailElm\s57\rRailElm\s59\rRailElm\s61\rTriStateElm\s56\s42\s6\rTriStateElm\s58\s41\s6\rTriStateElm\s60\s40\s6\rTriStateElm\s62\s39\s6 0\\s0.1\\s10000000000\s0\\s0.1\\s10000000000\s0\\s0.1\\s10000000000\s0\\s0.1\\s10000000000\s0\\s0.1\\s10000000000\s0\\s0\\s40\\s2.5\\s0\\s0\\s0.5\s0\\s0\\s40\\s2.5\\s0\\s0\\s0.5\s0\\s0\\s40\\s2.5\\s0\\s0\\s0.5\s0\\s0\\s40\\s2.5\\s0\\s0\\s0.5\s0\\s0\\s40\\s2.5\\s0\\s0\\s0.5\s9\\s5\\s0\\s1000000\\s2.5\\s0.000976817299525847\\s100000\s9\\s5\\s0\\s1000000\\s2.5\\s0.0009768172995121614\\s100000\s9\\s5\\s0\\s1000000\\s2.5\\s0.0009768172995511658\\s100000\s9\\s5\\s0\\s1000000\\s2.5\\s0.0009768172995345047\\s100000\s9\\s5\\s0\\s1000000\\s2.5\\s0.0009768172995430024\\s100000\s0\\s0.1\\s10000000000\s0\\s0.1\\s10000000000\s0\\s0.1\\s10000000000\s0\\s0.1\\s10000000000\s36\\s1.5\\s0.02\s36\\s1.5\\s0.02\s36\\s1.5\\s0.02\s36\\s1.5\\s0.02\s0\\s1.0000000000000001e-7\\s0.0009963536455338624\\s0.001\s0\\s1.0000000000000001e-7\\s0.0009963536455251947\\s0.001\s0\\s1.0000000000000001e-7\\s0.000996353645542189\\s0.001\s0\\s1.0000000000000001e-7\\s0.0009963536455024047\\s0.001\s0\\s1.0000000000000001e-7\\s0.0009963536455163638\\s0.001\s36\\s1.5\\s0.02\s0\\s0.1\\s10000000000\s0\\s0.1\\s10000000000\s36\\s1.5\\s0.02\s0\\s1.0000000000000001e-7\\s0.0009963538457639298\\s0.001\s0\\s1.0000000000000001e-7\\s0.000996353845749973\\s0.001\s0\\s1.0000000000000001e-7\\s0.0009963538457897585\\s0.001\s0\\s1.0000000000000001e-7\\s0.0009963538457727606\\s0.001\s36\\s1.5\\s0.02\s36\\s1.5\\s0.02\s36\\s1.5\\s0.02\s0\\s0.1\\s10000000000\s0\\s0.1\\s10000000000\s0\\s0.1\\s10000000000\s9\\s5\\s0\\s1000000\\s2.5\\s0.000976817495855595\\s100000\s9\\s5\\s0\\s1000000\\s2.5\\s0.0009768174958724\\s100000\s9\\s5\\s0\\s1000000\\s2.5\\s0.0009768174958333688\\s100000\s9\\s5\\s0\\s1000000\\s2.5\\s0.0009768174958469213\\s100000\s0\\s0\\s40\\s2.5\\s0\\s0\\s0.5\s0\\s0\\s40\\s2.5\\s0\\s0\\s0.5\s0\\s0\\s40\\s2.5\\s0\\s0\\s0.5\s0\\s0\\s40\\s2.5\\s0\\s0\\s0.5\s0\\s0.1\\s10000000000\s0\\s0.1\\s10000000000\s0\\s0.1\\s10000000000\s0\\s0.1\\s10000000000
410 4384 608 4448 608 1 9bit\s-\sBuffer 0\s0.1\s10000000000 0\s0.1\s10000000000 0\s0.1\s10000000000 0\s0.1\s10000000000 0\s0.1\s10000000000 0\s0\s40\s2.5\s0\s0\s0.5 0\s0\s40\s2.5\s0\s0\s0.5 0\s0\s40\s2.5\s0\s0\s0.5 0\s0\s40\s2.5\s0\s0\s0.5 0\s0\s40\s2.5\s0\s0\s0.5 9\s5\s0\s1000000\s2.5\s0.0009768154943308354\s100000 9\s5\s0\s1000000\s2.5\s0.0009768154943171497\s100000 9\s5\s0\s1000000\s2.5\s0.0009768154943561546\s100000 9\s5\s0\s1000000\s2.5\s0.000976815494339493\s100000 9\s5\s0\s1000000\s2.5\s0.000976815494347991\s100000 0\s0.1\s10000000000 0\s0.1\s10000000000 0\s0.1\s10000000000 0\s0.1\s10000000000 36\s1.5\s0.02 36\s1.5\s0.02 36\s1.5\s0.02 36\s1.5\s0.02 0\s1.0000000000000001e-7\s0.000996351804234951\s0.001 0\s1.0000000000000001e-7\s0.0009963518042262827\s0.001 0\s1.0000000000000001e-7\s0.0009963518042432776\s0.001 0\s1.0000000000000001e-7\s0.0009963518042034928\s0.001 0\s1.0000000000000001e-7\s0.0009963518042174519\s0.001 36\s1.5\s0.02 0\s0.1\s10000000000 0\s0.1\s10000000000 36\s1.5\s0.02 0\s1.0000000000000001e-7\s0.0009963520044646431\s0.001 0\s1.0000000000000001e-7\s0.0009963520044506903\s0.001 0\s1.0000000000000001e-7\s0.0009963520044904742\s0.001 0\s1.0000000000000001e-7\s0.000996352004473474\s0.001 36\s1.5\s0.02 36\s1.5\s0.02 36\s1.5\s0.02 0\s0.1\s10000000000 0\s0.1\s10000000000 0\s0.1\s10000000000 9\s5\s0\s1000000\s2.5\s0.0009768156906602688\s100000 9\s5\s0\s1000000\s2.5\s0.0009768156906769356\s100000 9\s5\s0\s1000000\s2.5\s0.0009768156906379318\s100000 9\s5\s0\s1000000\s2.5\s0.0009768156906516112\s100000 0\s0\s40\s2.5\s0\s0\s0.5 0\s0\s40\s2.5\s0\s0\s0.5 0\s0\s40\s2.5\s0\s0\s0.5 0\s0\s40\s2.5\s0\s0\s0.5 0\s0.1\s10000000000 0\s0.1\s10000000000 0\s0.1\s10000000000 0\s0.1\s10000000000
