$ 1 0.000005 10.20027730826997 50 5 50 5e-11
! default 0 Q15,Q14,Q13,Q12,Q11,Q10,Q9,Q8,Q7,Q6,Q5,Q4,Q3,Q2,Q1,Q0 A3,A2,A1,A0 Converter 1???????????????\q1111\n01??????????????\q1110\n001?????????????\q1101\n0001????????????\q1100\n00001???????????\q1011\n000001??????????\q1010\n0000001?????????\q1001\n00000001????????\q1000\n000000001???????\q0111\n0000000001??????\q0110\n00000000001?????\q0101\n000000000001????\q0100\n0000000000001???\q0011\n00000000000001??\q0010\n000000000000001?\q0001\n0000000000000001\q0000\n
208 864 48 880 48 0 default 0 0 0 0
w 960 48 1040 48 0
w 960 80 1040 80 0
w 960 112 1040 112 0
w 960 144 1040 144 0
r 448 16 448 48 0 1000
r 448 80 448 112 0 1000
r 448 144 448 176 0 1000
r 448 -48 448 -16 0 1000
w 448 -16 448 0 0
w 448 48 448 64 0
w 448 112 448 128 0
w 448 0 448 16 0
w 448 0 480 0 0
w 448 64 448 80 0
w 448 128 448 144 0
w 448 64 480 64 0
w 448 128 480 128 0
a 528 -16 576 -16 9 5 0 1000000 14.062499999999996 0 100000
w 528 0 480 0 0
w 528 -32 496 -32 0
a 528 48 576 48 9 5 0 1000000 13.124999999999995 0 100000
a 528 112 576 112 9 5 0 1000000 12.187499999999993 0 100000
a 528 176 576 176 9 5 0 1000000 11.249999999999993 0 100000
w 448 176 448 192 0
w 448 192 528 192 0
w 480 128 528 128 0
w 480 64 528 64 0
w 496 -32 496 32 0
w 496 32 528 32 0
w 496 32 496 96 0
w 496 96 528 96 0
w 496 96 496 160 0
w 496 160 528 160 0
w 448 -48 448 -96 0
w 448 192 448 208 0
w 448 464 448 480 0
w 496 432 528 432 0
w 496 368 496 432 0
w 496 368 528 368 0
w 496 304 496 368 0
w 496 304 528 304 0
w 496 240 496 304 0
w 480 336 528 336 0
w 480 400 528 400 0
w 448 464 528 464 0
w 448 448 448 464 0
a 528 448 576 448 9 5 0 1000000 7.499999999999995 0 100000
a 528 384 576 384 9 5 0 1000000 8.437499999999993 0 100000
a 528 320 576 320 9 5 0 1000000 9.374999999999995 0 100000
w 528 240 496 240 0
w 528 272 480 272 0
a 528 256 576 256 9 5 0 1000000 10.312499999999993 0 100000
w 448 400 480 400 0
w 448 336 480 336 0
w 448 400 448 416 0
w 448 336 448 352 0
w 448 272 480 272 0
w 448 272 448 288 0
w 448 384 448 400 0
w 448 320 448 336 0
w 448 256 448 272 0
r 448 224 448 256 0 1000
r 448 416 448 448 0 1000
r 448 352 448 384 0 1000
r 448 288 448 320 0 1000
w 448 208 448 224 0
w 496 160 496 240 0
w 496 720 496 800 0
w 448 768 448 784 0
r 448 848 448 880 0 1000
r 448 912 448 944 0 1000
r 448 976 448 1008 0 1000
r 448 784 448 816 0 1000
w 448 816 448 832 0
w 448 880 448 896 0
w 448 944 448 960 0
w 448 832 448 848 0
w 448 832 480 832 0
w 448 896 448 912 0
w 448 960 448 976 0
w 448 896 480 896 0
w 448 960 480 960 0
a 528 816 576 816 9 5 0 1000000 2.812499999999998 0 100000
w 528 832 480 832 0
w 528 800 496 800 0
a 528 880 576 880 9 5 0 1000000 1.8749999999999982 0 100000
a 528 944 576 944 9 5 0 1000000 0.9374999999999989 0 100000
a 528 1008 576 1008 9 5 0 1000000 0 0 100000
w 448 1008 448 1024 0
w 448 1024 528 1024 0
w 480 960 528 960 0
w 480 896 528 896 0
w 496 800 496 864 0
w 496 864 528 864 0
w 496 864 496 928 0
w 496 928 528 928 0
w 496 928 496 992 0
w 496 992 528 992 0
w 448 1024 448 1040 0
w 448 752 448 768 0
w 496 720 528 720 0
w 496 656 496 720 0
w 496 656 528 656 0
w 496 592 496 656 0
w 496 592 528 592 0
w 496 528 496 592 0
w 480 624 528 624 0
w 480 688 528 688 0
w 448 752 528 752 0
w 448 736 448 752 0
a 528 736 576 736 9 5 0 1000000 3.7499999999999973 0 100000
a 528 672 576 672 9 5 0 1000000 4.6874999999999964 0 100000
a 528 608 576 608 9 5 0 1000000 5.6249999999999964 0 100000
w 528 528 496 528 0
w 528 560 480 560 0
a 528 544 576 544 9 5 0 1000000 6.562499999999996 0 100000
w 448 688 480 688 0
w 448 624 480 624 0
w 448 688 448 704 0
w 448 624 448 640 0
w 448 560 480 560 0
w 448 560 448 576 0
w 448 672 448 688 0
w 448 608 448 624 0
w 448 544 448 560 0
r 448 512 448 544 0 1000
r 448 704 448 736 0 1000
r 448 640 448 672 0 1000
r 448 576 448 608 0 1000
w 448 480 448 512 0
w 496 432 496 528 0
w 496 -32 352 -32 0
g 448 1040 448 1120 0 0
w 864 528 864 1008 0
w 864 1008 576 1008 0
w 864 496 848 496 0
w 848 496 848 944 0
w 848 944 576 944 0
w 864 464 832 464 0
w 832 464 832 880 0
w 832 880 576 880 0
w 864 432 816 432 0
w 816 432 816 816 0
w 816 816 576 816 0
w 864 400 800 400 0
w 800 400 800 736 0
w 800 736 576 736 0
w 864 368 784 368 0
w 784 368 784 672 0
w 784 672 576 672 0
w 864 336 768 336 0
w 768 336 768 608 0
w 768 608 576 608 0
w 864 304 752 304 0
w 752 304 752 544 0
w 752 544 576 544 0
w 864 272 736 272 0
w 736 272 736 448 0
w 736 448 576 448 0
w 864 240 720 240 0
w 720 240 720 384 0
w 720 384 576 384 0
w 864 208 704 208 0
w 704 208 704 320 0
w 704 320 576 320 0
w 864 176 688 176 0
w 688 176 688 256 0
w 688 256 576 256 0
w 864 144 672 144 0
w 672 144 672 176 0
w 672 176 576 176 0
w 864 112 576 112 0
w 864 80 576 80 0
w 576 80 576 48 0
w 864 48 864 -16 0
w 864 -16 576 -16 0
172 448 -96 448 -144 0 7 15 15 0 0 0.5 Voltage
207 352 -32 240 -32 4 V
207 1040 48 1120 48 4 A
207 1040 80 1120 80 4 B
207 1040 112 1104 112 4 C
207 1040 144 1120 144 4 D
. Analog-Digital 0 2 5 5 A 17 0 3 B 18 1 3 C 19 3 3 D 20 4 3 V 26 2 2 CustomLogicElm\s1\s2\s3\s4\s5\s6\s7\s8\s9\s10\s11\s12\s13\s14\s15\s16\s17\s18\s19\s20\rResistorElm\s21\s22\rResistorElm\s22\s23\rResistorElm\s23\s24\rResistorElm\s25\s21\rOpAmpElm\s21\s26\s1\rOpAmpElm\s22\s26\s2\rOpAmpElm\s23\s26\s3\rOpAmpElm\s24\s26\s4\rOpAmpElm\s27\s26\s8\rOpAmpElm\s29\s26\s7\rOpAmpElm\s28\s26\s6\rOpAmpElm\s30\s26\s5\rResistorElm\s24\s30\rResistorElm\s29\s27\rResistorElm\s28\s29\rResistorElm\s30\s28\rResistorElm\s32\s33\rResistorElm\s33\s34\rResistorElm\s34\s0\rResistorElm\s31\s32\rOpAmpElm\s32\s26\s13\rOpAmpElm\s33\s26\s14\rOpAmpElm\s34\s26\s15\rOpAmpElm\s0\s26\s16\rOpAmpElm\s31\s26\s12\rOpAmpElm\s36\s26\s11\rOpAmpElm\s35\s26\s10\rOpAmpElm\s37\s26\s9\rResistorElm\s27\s37\rResistorElm\s36\s31\rResistorElm\s35\s36\rResistorElm\s37\s35\rVarRailElm\s25 0\\sdefault\\s0\\s0\\s5\\s0\s0\\s1000\s0\\s1000\s0\\s1000\s0\\s1000\s9\\s5\\s0\\s1000000\\s14.062499999999996\\s0\\s100000\s9\\s5\\s0\\s1000000\\s13.124999999999995\\s0\\s100000\s9\\s5\\s0\\s1000000\\s12.187499999999993\\s0\\s100000\s9\\s5\\s0\\s1000000\\s11.249999999999993\\s0\\s100000\s9\\s5\\s0\\s1000000\\s7.499999999999995\\s0\\s100000\s9\\s5\\s0\\s1000000\\s8.437499999999993\\s0\\s100000\s9\\s5\\s0\\s1000000\\s9.374999999999995\\s0\\s100000\s9\\s5\\s0\\s1000000\\s10.312499999999993\\s0\\s100000\s0\\s1000\s0\\s1000\s0\\s1000\s0\\s1000\s0\\s1000\s0\\s1000\s0\\s1000\s0\\s1000\s9\\s5\\s0\\s1000000\\s2.812499999999998\\s0\\s100000\s9\\s5\\s0\\s1000000\\s1.8749999999999982\\s0\\s100000\s9\\s5\\s0\\s1000000\\s0.9374999999999989\\s0\\s100000\s9\\s5\\s0\\s1000000\\s0\\s0\\s100000\s9\\s5\\s0\\s1000000\\s3.7499999999999973\\s0\\s100000\s9\\s5\\s0\\s1000000\\s4.6874999999999964\\s0\\s100000\s9\\s5\\s0\\s1000000\\s5.6249999999999964\\s0\\s100000\s9\\s5\\s0\\s1000000\\s6.562499999999996\\s0\\s100000\s0\\s1000\s0\\s1000\s0\\s1000\s0\\s1000\s0\\s7\\s15\\s15\\s0\\s0\\s0.5\\sVoltage
410 -144 192 0 320 1 Analog-Digital 0\sdefault\s0\s0\s5\s0 0\s1000 0\s1000 0\s1000 0\s1000 9\s5\s0\s1000000\s14.062499999999996\s0\s100000 9\s5\s0\s1000000\s13.124999999999995\s0\s100000 9\s5\s0\s1000000\s12.187499999999993\s0\s100000 9\s5\s0\s1000000\s11.249999999999993\s0\s100000 9\s5\s0\s1000000\s7.499999999999995\s0\s100000 9\s5\s0\s1000000\s8.437499999999993\s0\s100000 9\s5\s0\s1000000\s9.374999999999995\s0\s100000 9\s5\s0\s1000000\s10.312499999999993\s0\s100000 0\s1000 0\s1000 0\s1000 0\s1000 0\s1000 0\s1000 0\s1000 0\s1000 9\s5\s0\s1000000\s2.812499999999998\s0\s100000 9\s5\s0\s1000000\s1.8749999999999982\s0\s100000 9\s5\s0\s1000000\s0.9374999999999989\s0\s100000 9\s5\s0\s1000000\s0\s0\s100000 9\s5\s0\s1000000\s3.7499999999999973\s0\s100000 9\s5\s0\s1000000\s4.6874999999999964\s0\s100000 9\s5\s0\s1000000\s5.6249999999999964\s0\s100000 9\s5\s0\s1000000\s6.562499999999996\s0\s100000 0\s1000 0\s1000 0\s1000 0\s1000 0\s7\s15\s15\s0\s0\s0.5\sVoltage
