$ 0 0.000005 10.20027730826997 50 5 43 5e-11
w 240 224 320 224 0
a 352 240 400 240 8 20 -20 1000000 -3.275962497639466e-26 0 100000
g 352 256 304 256 0 0
w 400 240 464 240 0
O 464 240 560 240 1 0
r 368 144 448 144 0 100000
w 320 224 352 224 0
w 320 224 320 144 0
w 320 144 368 144 0
w 464 240 464 144 0
w 464 144 448 144 0
r -128 224 -192 224 0 100000
g -192 224 -192 272 0 0
r -128 224 -48 224 0 50000
r -48 224 32 224 0 50000
r 32 224 112 224 0 50000
r 112 224 192 224 0 50000
r -128 224 -128 80 0 100000
r -48 224 -48 80 0 100000
r 32 224 32 80 0 100000
r 112 224 112 80 0 100000
r 192 224 192 80 0 120000
w 192 224 240 224 0
w 464 240 464 288 0
w 464 288 592 288 0
r 592 288 688 288 0 1000
w 688 288 688 176 0
r 688 176 816 176 0 1000
a 768 304 816 304 8 15 -20 1000000 -0.000024999500009999803 0 100000
w 688 288 768 288 0
w 816 304 864 304 0
w 816 176 832 176 0
w 832 176 864 176 0
w 864 176 864 304 0
w 864 304 928 304 0
w 768 320 720 320 0
g 720 320 720 384 0 0
207 -128 80 -128 16 4 A-8V
207 -48 80 -48 16 4 B-8V
207 32 80 32 16 4 C-8V
207 112 80 112 16 4 D-8V
207 192 80 192 16 4 E-8V
207 928 304 1008 304 4 Analog
. Digital-Analog 0 4 5 6 A-8V 7 0 2 Analog 13 2 3 B-8V 8 1 2 C-8V 9 2 2 D-8V 10 3 2 E-8V 11 4 2 OpAmpElm\s1\s0\s2\rOutputElm\s2\rResistorElm\s1\s2\rResistorElm\s3\s0\rResistorElm\s3\s4\rResistorElm\s4\s5\rResistorElm\s5\s6\rResistorElm\s6\s1\rResistorElm\s3\s7\rResistorElm\s4\s8\rResistorElm\s5\s9\rResistorElm\s6\s10\rResistorElm\s1\s11\rResistorElm\s2\s12\rResistorElm\s12\s13\rOpAmpElm\s12\s0\s13 8\\s20\\s-20\\s1000000\\s-3.275962497639466e-26\\s0\\s100000\s1\\s0\s0\\s100000\s0\\s100000\s0\\s50000\s0\\s50000\s0\\s50000\s0\\s50000\s0\\s100000\s0\\s100000\s0\\s100000\s0\\s100000\s0\\s120000\s0\\s1000\s0\\s1000\s8\\s15\\s-20\\s1000000\\s-0.000024999500009999803\\s0\\s100000
410 144 416 208 560 1 Digital-Analog 8\s20\s-20\s1000000\s3.275962497639466e-26\s0\s100000 1\s0 0\s100000 0\s100000 0\s50000 0\s50000 0\s50000 0\s50000 0\s100000 0\s100000 0\s100000 0\s100000 0\s120000 0\s1000 0\s1000 8\s15\s-20\s1000000\s-0.0000249995000099998\s0\s100000
